0 0
1 0
2 0
3 0
4 0
5 0
6 0
7 0
8 0
9 0
10 0
11 0
12 0
13 0
14 0
15 0
16 0
17 0
18 0
19 0
20 0
21 0
22 0
23 0
24 0
25 0
26 0
27 0
28 0
29 0
30 0
31 0
32 0
33 0
34 0
35 0
36 0
37 0
38 0
39 0
40 0
41 0
42 0
43 0
44 0
45 0
46 0
47 0
48 0
49 0
50 0
51 0
52 0
53 0
54 0
55 0
56 0
57 0
58 0
59 0
60 0
61 0
62 0
63 0
64 0
65 0
66 0
67 0
68 0
69 0
70 0
71 0
72 0
73 0
74 0
75 0
76 0
77 0
78 0
79 0
80 0
81 0
82 0
83 0
84 0
85 0
86 0
87 0
88 0
89 0
90 0
91 0
92 0
93 0
94 0
95 0
96 0
97 0
98 0
99 0
100 0
101 0
102 0
103 0
104 0
105 0
106 0
107 0
108 0
109 0
110 0
111 0
112 0
113 0
114 0
115 0
116 0
117 0
118 0
119 0
120 0
121 0
122 0
123 0
124 0
125 0
126 0
127 0
128 0
129 0
130 0
131 0
132 0
133 0
134 0
135 0
136 0
137 0
138 0
139 0
140 0
141 0
142 0
143 0
144 0
145 0
146 0
147 0
148 0
149 0
150 0
151 0
152 0
153 0
154 0
155 0
156 0
157 0
158 0
159 0
160 0
161 0
162 0
163 0
164 0
165 0
166 0
167 0
168 0
169 0
170 0
171 0
172 0
173 0
174 0
175 0
176 0
177 0
178 0
179 0
180 0
181 0
182 0
183 0
184 0
185 0
186 0
187 0
188 0
189 0
190 0
191 0
192 0
193 0
194 0
195 0
196 0
197 0
198 0
199 0
200 0
201 0
202 0
203 0
204 0
205 0
206 0
207 0
208 0
209 0
210 0
211 0
212 0
213 0
214 0
215 0
216 0
217 0
218 0
219 0
220 0
221 0
222 0
223 0
224 0
225 0
226 0
227 0
228 0
229 0
230 0
231 0
232 0
233 0
234 0
235 0
236 0
237 0
238 0
239 0
240 0
241 0
242 0
243 0
244 0
245 0
246 0
247 0
248 0
249 0
250 0
251 0
252 0
253 0
254 0
255 0
256 0
257 0
258 0
259 0
260 0
261 0
262 0
263 0
264 0
265 0
266 0
267 0
268 0
269 0
270 0
271 0
272 0
273 0
274 0
275 0
276 0
277 0
278 0
279 0
280 0
281 0
282 0
283 0
284 0
285 0
286 0
287 0
288 0
289 0
290 0
291 0
292 0
293 0
294 0
295 0
296 0
297 0
298 0
299 0
300 0
301 0
302 0
303 0
304 0
305 0
306 0
307 0
308 0
309 0
310 0
311 0
312 0
313 0
314 0
315 0
316 0
317 0
318 0
319 0
320 0
321 0
322 0
323 0
324 0
325 0
326 0
327 0
328 0
329 0
330 0
331 0
332 0
333 0
334 0
335 0
336 0
337 0
338 0
339 0
340 0
341 0
342 0
343 0
344 0
345 0
346 0
347 0
348 0
349 0
350 0
351 0
352 0
353 0
354 0
355 0
356 0
357 0
358 0
359 0
360 0
361 0
362 0
363 0
364 0
365 0
366 0
367 0
368 0
369 0
370 0
371 0
372 0
373 0
374 0
375 0
376 0
377 0
378 0
379 0
380 0
381 0
382 0
383 0
384 0
385 0
386 0
387 0
388 1
389 1
390 1
391 1
392 1
393 1
394 1
395 1
396 1
397 1
398 1
399 1
400 1
401 1
402 1
403 1
404 1
405 1
406 1
407 1
408 1
409 1
410 1
411 1
412 1
413 1
414 1
415 1
416 1
417 1
418 1
419 1
420 1
421 1
422 1
423 1
424 1
425 1
426 1
427 1
428 1
429 1
430 1
431 1
432 1
433 1
434 1
435 1
436 1
437 1
438 1
439 1
440 1
441 1
442 1
443 1
444 1
445 1
446 1
447 1
448 1
449 1
450 1
451 1
452 2
453 2
454 2
455 2
456 2
457 2
458 2
459 2
460 2
461 2
462 2
463 2
464 2
465 2
466 2
467 2
468 2
469 2
470 2
471 2
472 2
473 2
474 2
475 2
476 2
477 2
478 2
479 2
480 2
481 2
482 3
483 3
484 3
485 3
486 3
487 3
488 3
489 3
490 3
491 3
492 3
493 3
494 3
495 3
496 3
497 3
498 3
499 3
500 3
501 3
502 3
503 3
504 3
505 3
506 3
507 3
508 3
509 3
510 3
511 3
512 3
513 3
514 4
515 4
516 4
517 4
518 4
519 4
520 4
521 4
522 4
523 4
524 4
525 4
526 4
527 4
528 4
529 4
530 4
531 4
532 4
533 4
534 4
535 4
536 4
537 4
538 5
539 5
540 5
541 5
542 5
543 5
544 5
545 5
546 5
547 5
548 5
549 5
550 5
551 5
552 5
553 5
554 5
555 5
556 5
557 5
558 5
559 5
560 5
561 5
562 6
563 6
564 6
565 6
566 6
567 6
568 6
569 6
570 6
571 6
572 6
573 6
574 6
575 6
576 6
577 6
578 6
579 7
580 7
581 7
582 7
583 7
584 7
585 7
586 7
587 7
588 7
589 7
590 7
591 7
592 7
593 7
594 7
595 7
596 7
597 7
598 8
599 8
600 8
601 8
602 8
603 8
604 8
605 8
606 8
607 8
608 8
609 8
610 8
611 8
612 8
613 8
614 8
615 8
616 9
617 9
618 9
619 9
620 9
621 9
622 9
623 9
624 9
625 9
626 9
627 9
628 10
629 10
630 10
631 10
632 10
633 10
634 10
635 10
636 10
637 10
638 10
639 10
640 10
641 10
642 10
643 10
644 10
645 10
646 11
647 11
648 11
649 11
650 11
651 11
652 11
653 11
654 11
655 11
656 11
657 12
658 12
659 12
660 12
661 12
662 12
663 12
664 12
665 12
666 12
667 12
668 12
669 12
670 13
671 13
672 13
673 13
674 13
675 13
676 13
677 13
678 13
679 13
680 13
681 13
682 14
683 14
684 14
685 14
686 14
687 14
688 14
689 14
690 14
691 14
692 14
693 14
694 14
695 15
696 15
697 15
698 15
699 15
700 15
701 15
702 15
703 15
704 15
705 15
706 15
707 15
708 16
709 16
710 16
711 16
712 16
713 16
714 16
715 16
716 16
717 16
718 16
719 16
720 16
721 17
722 17
723 17
724 17
725 17
726 17
727 17
728 17
729 17
730 17
731 18
732 18
733 18
734 18
735 18
736 18
737 18
738 18
739 18
740 18
741 18
742 18
743 18
744 19
745 19
746 19
747 19
748 19
749 19
750 19
751 19
752 19
753 19
754 19
755 20
756 20
757 20
758 20
759 20
760 20
761 20
762 20
763 21
764 21
765 21
766 21
767 21
768 21
769 21
770 21
771 22
772 22
773 22
774 22
775 22
776 22
777 22
778 22
779 22
780 22
781 22
782 23
783 23
784 23
785 23
786 23
787 23
788 23
789 24
790 24
791 24
792 24
793 24
794 24
795 24
796 24
797 24
798 24
799 25
800 25
801 25
802 25
803 25
804 25
805 25
806 25
807 25
808 25
809 26
810 26
811 26
812 26
813 26
814 26
815 26
816 26
817 26
818 26
819 26
820 27
821 27
822 27
823 27
824 27
825 27
826 27
827 27
828 27
829 28
830 28
831 28
832 28
833 28
834 28
835 28
836 28
837 28
838 29
839 29
840 29
841 29
842 29
843 29
844 29
845 29
846 29
847 29
848 30
849 30
850 30
851 30
852 30
853 30
854 30
855 31
856 31
857 31
858 31
859 31
860 31
861 31
862 31
863 31
864 31
865 32
866 32
867 32
868 32
869 32
870 32
871 32
872 32
873 32
874 32
875 33
876 33
877 33
878 33
879 33
880 33
881 34
882 34
883 34
884 34
885 34
886 35
887 35
888 35
889 35
890 35
891 35
892 35
893 35
894 36
895 36
896 36
897 36
898 36
899 36
900 36
901 36
902 37
903 37
904 37
905 37
906 37
907 38
908 38
909 38
910 38
911 38
912 39
913 39
914 39
915 39
916 39
917 39
918 39
919 39
920 39
921 40
922 40
923 40
924 40
925 40
926 40
927 40
928 41
929 41
930 41
931 41
932 41
933 41
934 41
935 41
936 42
937 42
938 42
939 42
940 42
941 42
942 42
943 42
944 43
945 43
946 43
947 43
948 43
949 43
950 43
951 43
952 44
953 44
954 44
955 44
956 44
957 44
958 45
959 45
960 45
961 45
962 45
963 46
964 46
965 46
966 46
967 46
968 46
969 46
970 47
971 47
972 47
973 47
974 47
975 47
976 47
977 47
978 48
979 48
980 48
981 48
982 48
983 49
984 49
985 49
986 49
987 49
988 49
989 49
990 49
991 50
992 50
993 50
994 50
995 50
996 50
997 50
998 50
999 51
1000 51
1010 52
1020 54
1030 55
1040 57
1050 58
1060 60
1070 61
1080 63
1090 65
1100 66
1110 68
1120 70
1130 72
1140 73
1150 75
1160 77
1170 79
1180 81
1190 82
1200 84
1210 86
1220 88
1230 90
1240 92
1250 94
1260 96
1270 98
1280 100
1290 102
1300 104
1310 106
1320 108
1330 110
1340 112
1350 114
1360 116
1370 118
1380 120
1390 122
1400 124
1410 126
1420 129
1430 131
1440 133
1450 135
1460 137
1470 139
1480 141
1490 143
1500 145
1510 147
1520 149
1530 151
1540 153
1550 155
1560 158
1570 160
1580 163
1590 165
1600 167
1610 170
1620 172
1630 174
1640 176
1650 178
1660 180
1670 183
1680 185
1690 187
1700 189
1710 191
1720 193
1730 196
1740 199
1750 201
1760 204
1770 206
1780 209
1790 211
1800 214
1810 216
1820 219
1830 222
1840 224
1850 226
1860 228
1870 231
1880 232
1890 235
1900 237
1910 239
1920 241
1930 243
1940 246
1950 248
1960 251
1970 253
1980 256
1990 259
2000 262
2010 263
2020 266
2030 268
2040 271
2050 273
2060 276
2070 278
2080 280
2090 283
2100 285
2110 288
2120 290
2130 292
2140 295
2150 297
2160 300
2170 302
2180 305
2190 307
2200 310
2210 312
2220 315
2230 318
2240 321
2250 323
2260 326
2270 328
2280 331
2290 333
2300 336
2310 338
2320 341
2330 344
2340 346
2350 349
2360 351
2370 354
2380 356
2390 358
2400 361
2410 364
2420 366
2430 369
2440 372
2450 374
2460 377
2470 379
2480 382
2490 384
2500 387
2510 390
2520 392
2530 395
2540 397
2550 399
2560 402
2570 405
2580 407
2590 410
2600 412
2610 416
2620 418
2630 421
2640 423
2650 425
2660 429
2670 431
2680 434
2690 436
2700 438
2710 440
2720 443
2730 445
2740 448
2750 451
2760 454
2770 456
2780 459
2790 462
2800 464
2810 467
2820 469
2830 472
2840 475
2850 478
2860 480
2870 482
2880 485
2890 488
2900 491
2910 494
2920 496
2930 499
2940 502
2950 505
2960 507
2970 510
2980 512
2990 515
3000 518
3010 521
3020 524
3030 527
3040 529
3050 532
3060 535
3070 536
3080 538
3090 541
3100 544
3110 548
3120 550
3130 553
3140 556
3150 559
3160 561
3170 564
3180 567
3190 569
3200 571
3210 574
3220 575
3230 579
3240 581
3250 584
3260 586
3270 589
3280 591
3290 595
3300 597
3310 600
3320 602
3330 605
3340 607
3350 610
3360 612
3370 615
3380 617
3390 620
3400 623
3410 626
3420 629
3430 631
3440 634
3450 637
3460 640
3470 642
3480 645
3490 648
3500 650
3510 653
3520 656
3530 660
3540 663
3550 665
3560 668
3570 671
3580 674
3590 677
3600 680
3610 683
3620 686
3630 688
3640 690
3650 693
3660 695
3670 698
3680 701
3690 704
3700 707
3710 710
3720 713
3730 715
3740 718
3750 720
3760 723
3770 726
3780 728
3790 731
3800 734
3810 737
3820 740
3830 743
3840 745
3850 747
3860 750
3870 753
3880 756
3890 759
3900 761
3910 764
3920 766
3930 769
3940 772
3950 775
3960 777
3970 780
3980 782
3990 785
4000 788
4010 791
4020 793
4030 796
4040 799
4050 802
4060 804
4070 807
4080 810
4090 813
4100 815
4110 818
4120 821
4130 824
4140 826
4150 829
4160 832
4170 835
4180 838
4190 840
4200 844
4210 846
4220 848
4230 851
4240 854
4250 856
4260 859
4270 862
4280 865
4290 868
4300 871
4310 873
4320 876
4330 878
4340 881
4350 884
4360 886
4370 889
4380 892
4390 895
4400 898
4410 900
4420 903
4430 906
4440 908
4450 912
4460 914
4470 916
4480 919
4490 922
4500 924
4510 927
4520 930
4530 932
4540 935
4550 937
4560 940
4570 943
4580 946
4590 948
4600 951
4610 954
4620 956
4630 959
4640 962
4650 964
4660 967
4670 970
4680 973
4690 975
4700 978
4710 981
4720 983
4730 986
4740 989
4750 991
4760 994
4770 997
4780 999
4790 1002
4800 1005
4810 1008
4820 1011
4830 1014
4840 1016
4850 1019
4860 1022
4870 1024
4880 1027
4890 1030
4900 1033
4910 1036
4920 1039
4930 1041
4940 1045
4950 1048
4960 1050
4970 1053
4980 1056
4990 1058
5000 1061
5100 1090
5200 1116
5300 1144
5400 1171
5500 1198
5600 1226
5700 1253
5800 1282
5900 1310
6000 1339
6100 1366
6200 1393
6300 1420
6400 1448
6500 1476
6600 1504
6700 1532
6800 1559
6900 1589
7000 1617
7100 1645
7200 1673
7300 1701
7400 1730
7500 1756
7600 1784
7700 1814
7800 1840
7900 1868
8000 1896
8100 1925
8200 1953
8300 1981
8400 2009
8500 2038
8600 2067
8700 2096
8800 2123
8900 2151
9000 2179
9100 2209
9200 2238
9300 2266
9400 2292
9500 2320
9600 2347
9700 2376
9800 2403
9900 2432
10000 2458
