0 0
1 0
2 0
3 0
4 0
5 0
6 0
7 0
8 0
9 0
10 0
11 0
12 0
13 0
14 0
15 0
16 0
17 0
18 0
19 0
20 0
21 0
22 0
23 0
24 0
25 0
26 0
27 0
28 0
29 0
30 0
31 0
32 0
33 0
34 0
35 0
36 0
37 0
38 0
39 0
40 0
41 0
42 0
43 0
44 0
45 0
46 0
47 0
48 0
49 0
50 0
51 0
52 0
53 0
54 0
55 0
56 0
57 0
58 0
59 0
60 0
61 0
62 0
63 0
64 0
65 0
66 0
67 0
68 0
69 0
70 0
71 0
72 0
73 0
74 0
75 0
76 0
77 0
78 0
79 0
80 0
81 0
82 0
83 0
84 0
85 0
86 0
87 0
88 0
89 0
90 0
91 0
92 0
93 0
94 0
95 0
96 0
97 0
98 0
99 0
100 0
101 0
102 0
103 0
104 0
105 0
106 0
107 0
108 0
109 0
110 0
111 0
112 0
113 0
114 0
115 0
116 0
117 0
118 0
119 0
120 0
121 0
122 0
123 0
124 0
125 0
126 0
127 0
128 0
129 0
130 0
131 0
132 0
133 0
134 0
135 0
136 0
137 0
138 0
139 0
140 0
141 0
142 0
143 0
144 0
145 0
146 0
147 0
148 0
149 0
150 0
151 0
152 0
153 0
154 0
155 0
156 0
157 0
158 0
159 0
160 0
161 0
162 0
163 0
164 0
165 0
166 0
167 0
168 0
169 0
170 0
171 0
172 0
173 0
174 0
175 0
176 0
177 0
178 0
179 0
180 0
181 0
182 0
183 0
184 0
185 0
186 0
187 0
188 0
189 0
190 0
191 0
192 0
193 0
194 0
195 0
196 0
197 0
198 0
199 0
200 0
201 0
202 0
203 0
204 0
205 0
206 0
207 0
208 0
209 0
210 0
211 0
212 0
213 0
214 0
215 0
216 0
217 0
218 0
219 0
220 0
221 0
222 0
223 0
224 0
225 0
226 0
227 0
228 0
229 0
230 0
231 0
232 0
233 0
234 0
235 0
236 0
237 0
238 0
239 0
240 0
241 0
242 0
243 0
244 0
245 0
246 0
247 0
248 0
249 0
250 0
251 0
252 0
253 0
254 0
255 0
256 0
257 0
258 0
259 0
260 0
261 0
262 0
263 0
264 0
265 0
266 0
267 0
268 0
269 0
270 0
271 0
272 0
273 0
274 0
275 0
276 0
277 0
278 0
279 0
280 0
281 0
282 0
283 0
284 0
285 0
286 0
287 0
288 0
289 0
290 0
291 0
292 0
293 0
294 0
295 0
296 0
297 0
298 0
299 0
300 0
301 0
302 0
303 0
304 0
305 0
306 0
307 0
308 0
309 0
310 0
311 0
312 0
313 0
314 0
315 0
316 0
317 0
318 0
319 0
320 0
321 0
322 0
323 0
324 0
325 0
326 0
327 0
328 0
329 0
330 0
331 0
332 0
333 0
334 0
335 0
336 0
337 0
338 0
339 0
340 0
341 0
342 0
343 0
344 0
345 0
346 0
347 0
348 0
349 0
350 0
351 0
352 0
353 0
354 0
355 0
356 0
357 0
358 0
359 0
360 0
361 0
362 0
363 0
364 0
365 0
366 0
367 0
368 0
369 0
370 0
371 0
372 0
373 0
374 0
375 0
376 0
377 0
378 0
379 0
380 0
381 0
382 0
383 0
384 0
385 0
386 0
387 0
388 0
389 0
390 0
391 0
392 0
393 0
394 0
395 0
396 0
397 0
398 0
399 0
400 0
401 0
402 0
403 0
404 0
405 0
406 0
407 0
408 0
409 0
410 0
411 0
412 0
413 0
414 0
415 0
416 0
417 0
418 0
419 0
420 0
421 0
422 0
423 0
424 0
425 0
426 0
427 0
428 0
429 0
430 0
431 0
432 0
433 0
434 0
435 0
436 0
437 0
438 0
439 0
440 0
441 0
442 0
443 0
444 0
445 0
446 1
447 1
448 1
449 1
450 1
451 1
452 1
453 1
454 1
455 1
456 1
457 1
458 1
459 1
460 1
461 1
462 1
463 1
464 1
465 1
466 1
467 1
468 1
469 1
470 1
471 1
472 1
473 1
474 1
475 1
476 1
477 1
478 1
479 1
480 1
481 1
482 1
483 1
484 1
485 1
486 1
487 1
488 1
489 1
490 1
491 1
492 1
493 1
494 1
495 1
496 1
497 1
498 1
499 1
500 1
501 1
502 1
503 1
504 1
505 1
506 1
507 1
508 1
509 1
510 1
511 1
512 1
513 1
514 1
515 1
516 1
517 1
518 1
519 1
520 1
521 1
522 1
523 1
524 1
525 1
526 1
527 1
528 1
529 1
530 1
531 1
532 1
533 1
534 2
535 2
536 2
537 2
538 2
539 2
540 2
541 2
542 2
543 2
544 2
545 2
546 2
547 2
548 2
549 2
550 2
551 2
552 2
553 2
554 2
555 2
556 2
557 2
558 2
559 2
560 2
561 2
562 2
563 2
564 2
565 2
566 2
567 2
568 2
569 2
570 2
571 2
572 2
573 2
574 2
575 2
576 2
577 2
578 3
579 3
580 3
581 3
582 3
583 3
584 3
585 3
586 3
587 3
588 3
589 3
590 3
591 3
592 3
593 3
594 3
595 3
596 3
597 3
598 3
599 3
600 3
601 3
602 3
603 3
604 3
605 3
606 3
607 3
608 3
609 3
610 3
611 3
612 3
613 3
614 3
615 3
616 3
617 3
618 3
619 3
620 3
621 3
622 3
623 3
624 3
625 3
626 3
627 3
628 4
629 4
630 4
631 4
632 4
633 4
634 4
635 4
636 4
637 4
638 4
639 4
640 4
641 4
642 4
643 4
644 4
645 4
646 4
647 4
648 4
649 4
650 4
651 4
652 5
653 5
654 5
655 5
656 5
657 5
658 5
659 5
660 5
661 5
662 5
663 5
664 5
665 5
666 5
667 5
668 5
669 5
670 5
671 5
672 5
673 5
674 5
675 5
676 5
677 5
678 5
679 6
680 6
681 6
682 6
683 6
684 6
685 6
686 6
687 6
688 6
689 6
690 6
691 6
692 6
693 6
694 6
695 6
696 6
697 6
698 6
699 6
700 6
701 6
702 6
703 6
704 6
705 6
706 7
707 7
708 7
709 7
710 7
711 7
712 7
713 7
714 7
715 7
716 7
717 7
718 7
719 7
720 7
721 7
722 7
723 7
724 7
725 7
726 7
727 7
728 7
729 8
730 8
731 8
732 8
733 8
734 8
735 8
736 8
737 8
738 8
739 8
740 8
741 8
742 8
743 8
744 8
745 8
746 8
747 9
748 9
749 9
750 9
751 9
752 9
753 9
754 9
755 9
756 9
757 9
758 9
759 9
760 9
761 9
762 9
763 9
764 9
765 9
766 10
767 10
768 10
769 10
770 10
771 10
772 10
773 10
774 10
775 10
776 10
777 10
778 10
779 10
780 10
781 10
782 10
783 10
784 10
785 10
786 10
787 10
788 10
789 10
790 10
791 11
792 11
793 11
794 11
795 11
796 11
797 11
798 11
799 11
800 11
801 11
802 11
803 11
804 11
805 11
806 11
807 11
808 11
809 11
810 11
811 12
812 12
813 12
814 12
815 12
816 12
817 12
818 12
819 12
820 12
821 12
822 12
823 12
824 12
825 12
826 12
827 12
828 12
829 12
830 12
831 12
832 12
833 12
834 12
835 12
836 12
837 13
838 13
839 13
840 13
841 13
842 13
843 13
844 13
845 13
846 13
847 13
848 13
849 13
850 13
851 13
852 13
853 14
854 14
855 14
856 14
857 14
858 14
859 14
860 14
861 14
862 14
863 14
864 14
865 14
866 14
867 14
868 15
869 15
870 15
871 15
872 15
873 15
874 15
875 15
876 15
877 15
878 15
879 15
880 15
881 15
882 15
883 15
884 15
885 15
886 15
887 15
888 16
889 16
890 16
891 16
892 16
893 16
894 16
895 16
896 16
897 16
898 17
899 17
900 17
901 17
902 17
903 17
904 17
905 17
906 17
907 18
908 18
909 18
910 18
911 18
912 18
913 18
914 18
915 18
916 18
917 18
918 18
919 18
920 18
921 18
922 19
923 19
924 19
925 19
926 19
927 19
928 19
929 19
930 19
931 19
932 19
933 19
934 19
935 19
936 19
937 19
938 19
939 19
940 19
941 20
942 20
943 20
944 20
945 20
946 20
947 20
948 20
949 20
950 20
951 20
952 20
953 20
954 20
955 21
956 21
957 21
958 21
959 21
960 21
961 21
962 21
963 21
964 21
965 21
966 21
967 22
968 22
969 22
970 22
971 22
972 22
973 22
974 22
975 22
976 22
977 22
978 22
979 23
980 23
981 23
982 23
983 23
984 23
985 23
986 23
987 23
988 23
989 23
990 23
991 23
992 24
993 24
994 24
995 24
996 24
997 24
998 24
999 24
1000 24
1001 24
1002 24
1003 24
1004 25
1005 25
1006 25
1007 25
1008 25
1009 25
1010 25
1011 25
1012 25
1013 25
1014 25
1015 25
1016 25
1017 26
1018 26
1019 26
1020 26
1021 26
1022 26
1023 26
1024 26
1025 26
1026 26
1027 26
1028 26
1029 27
1030 27
1031 27
1032 27
1033 27
1034 27
1035 27
1036 27
1037 27
1038 27
1039 27
1040 27
1041 27
1042 27
1043 27
1044 27
1045 27
1046 28
1047 28
1048 28
1049 28
1050 28
1051 28
1052 28
1053 28
1054 28
1055 28
1056 28
1057 29
1058 29
1059 29
1060 29
1061 29
1062 29
1063 29
1064 29
1065 29
1066 29
1067 29
1068 29
1069 29
1070 29
1071 29
1072 29
1073 30
1074 30
1075 30
1076 30
1077 30
1078 30
1079 30
1080 30
1081 30
1082 30
1083 30
1084 30
1085 31
1086 31
1087 31
1088 31
1089 31
1090 31
1091 31
1092 31
1093 32
1094 32
1095 32
1096 32
1097 32
1098 32
1099 32
1100 32
1101 32
1102 33
1103 33
1104 33
1105 33
1106 33
1107 33
1108 33
1109 33
1110 34
1111 34
1112 34
1113 34
1114 34
1115 34
1116 35
1117 35
1118 35
1119 35
1120 35
1121 35
1122 35
1123 35
1124 35
1125 35
1126 35
1127 35
1128 35
1129 36
1130 36
1131 36
1132 36
1133 36
1134 36
1135 36
1136 36
1137 36
1138 37
1139 37
1140 37
1141 37
1142 37
1143 37
1144 37
1145 37
1146 37
1147 37
1148 37
1149 37
1150 38
1151 38
1152 38
1153 38
1154 38
1155 38
1156 38
1157 38
1158 38
1159 39
1160 39
1161 39
1162 39
1163 39
1164 39
1165 39
1166 39
1167 39
1168 39
1169 39
1170 40
1171 40
1172 40
1173 40
1174 40
1175 40
1176 40
1177 40
1178 40
1179 40
1180 41
1181 41
1182 41
1183 41
1184 41
1185 41
1186 41
1187 41
1188 41
1189 41
1190 41
1191 42
1192 42
1193 42
1194 42
1195 42
1196 42
1197 42
1198 42
1199 42
1200 42
1201 42
1202 43
1203 43
1204 43
1205 43
1206 43
1207 43
1208 43
1209 43
1210 43
1211 44
1212 44
1213 44
1214 44
1215 44
1216 44
1217 44
1218 44
1219 44
1220 44
1221 44
1222 44
1223 44
1224 44
1225 45
1226 45
1227 45
1228 45
1229 45
1230 45
1231 45
1232 45
1233 45
1234 45
1235 45
1236 46
1237 46
1238 46
1239 46
1240 46
1241 46
1242 46
1243 46
1244 46
1245 46
1246 46
1247 47
1248 47
1249 47
1250 47
1251 47
1252 47
1253 47
1254 47
1255 47
1256 47
1257 48
1258 48
1259 48
1260 48
1261 48
1262 48
1263 48
1264 48
1265 48
1266 48
1267 48
1268 49
1269 49
1270 49
1271 49
1272 49
1273 49
1274 49
1275 49
1276 49
1277 50
1278 50
1279 50
1280 50
1281 50
1282 50
1283 50
1284 50
1285 50
1286 51
1287 51
1288 51
1289 51
1290 51
1291 51
1292 51
1293 51
1294 51
1295 52
1296 52
1297 52
1298 52
1299 52
1300 52
1301 52
1302 52
1303 52
1304 52
1305 52
1306 53
1307 53
1308 53
1309 53
1310 53
1311 53
1312 53
1313 53
1314 53
1315 54
1316 54
1317 54
1318 54
1319 54
1320 54
1321 54
1322 54
1323 54
1324 55
1325 55
1326 55
1327 55
1328 55
1329 55
1330 55
1331 55
1332 55
1333 55
1334 56
1335 56
1336 56
1337 56
1338 56
1339 56
1340 56
1341 56
1342 56
1343 56
1344 57
1345 57
1346 57
1347 57
1348 57
1349 57
1350 57
1351 57
1352 57
1353 58
1354 58
1355 58
1356 58
1357 58
1358 58
1359 58
1360 59
1361 59
1362 59
1363 59
1364 59
1365 59
1366 59
1367 59
1368 59
1369 59
1370 59
1371 60
1372 60
1373 60
1374 60
1375 60
1376 60
1377 60
1378 60
1379 60
1380 61
1381 61
1382 61
1383 61
1384 61
1385 61
1386 61
1387 61
1388 62
1389 62
1390 62
1391 62
1392 62
1393 62
1394 62
1395 62
1396 63
1397 63
1398 63
1399 63
1400 63
1401 63
1402 63
1403 63
1404 64
1405 64
1406 64
1407 64
1408 64
1409 64
1410 64
1411 64
1412 65
1413 65
1414 65
1415 65
1416 65
1417 65
1418 65
1419 65
1420 65
1421 66
1422 66
1423 66
1424 66
1425 66
1426 66
1427 66
1428 66
1429 67
1430 67
1431 67
1432 67
1433 67
1434 67
1435 67
1436 67
1437 68
1438 68
1439 68
1440 68
1441 68
1442 68
1443 68
1444 68
1445 69
1446 69
1447 69
1448 69
1449 69
1450 69
1451 69
1452 70
1453 70
1454 70
1455 70
1456 70
1457 70
1458 71
1459 71
1460 71
1461 71
1462 71
1463 71
1464 71
1465 71
1466 72
1467 72
1468 72
1469 72
1470 72
1471 72
1472 72
1473 72
1474 72
1475 73
1476 73
1477 73
1478 73
1479 73
1480 74
1481 74
1482 74
1483 74
1484 74
1485 74
1486 74
1487 74
1488 74
1489 74
1490 74
1491 75
1492 75
1493 75
1494 75
1495 75
1496 75
1497 75
1498 76
1499 76
1500 76
1501 76
1502 76
1503 76
1504 76
1505 76
1506 76
1507 76
1508 77
1509 77
1510 77
1511 77
1512 77
1513 77
1514 77
1515 78
1516 78
1517 78
1518 78
1519 78
1520 78
1521 78
1522 79
1523 79
1524 79
1525 79
1526 79
1527 79
1528 80
1529 80
1530 80
1531 80
1532 80
1533 80
1534 80
1535 80
1536 80
1537 81
1538 81
1539 81
1540 81
1541 81
1542 81
1543 81
1544 81
1545 82
1546 82
1547 82
1548 82
1549 82
1550 82
1551 82
1552 83
1553 83
1554 83
1555 83
1556 83
1557 83
1558 83
1559 83
1560 83
1561 84
1562 84
1563 84
1564 84
1565 84
1566 84
1567 84
1568 84
1569 85
1570 85
1571 85
1572 85
1573 85
1574 85
1575 85
1576 85
1577 85
1578 85
1579 85
1580 86
1581 86
1582 86
1583 86
1584 86
1585 86
1586 86
1587 86
1588 86
1589 87
1590 87
1591 87
1592 87
1593 87
1594 87
1595 87
1596 87
1597 88
1598 88
1599 88
1600 88
1601 88
1602 88
1603 88
1604 88
1605 88
1606 89
1607 89
1608 89
1609 89
1610 89
1611 89
1612 89
1613 89
1614 90
1615 90
1616 90
1617 90
1618 90
1619 90
1620 90
1621 90
1622 91
1623 91
1624 91
1625 91
1626 91
1627 91
1628 91
1629 92
1630 92
1631 92
1632 92
1633 92
1634 92
1635 92
1636 92
1637 93
1638 93
1639 93
1640 93
1641 93
1642 93
1643 93
1644 93
1645 93
1646 94
1647 94
1648 94
1649 94
1650 94
1651 94
1652 94
1653 94
1654 95
1655 95
1656 95
1657 95
1658 95
1659 95
1660 96
1661 96
1662 96
1663 96
1664 96
1665 96
1666 96
1667 97
1668 97
1669 97
1670 97
1671 97
1672 97
1673 97
1674 98
1675 98
1676 98
1677 98
1678 98
1679 98
1680 98
1681 98
1682 98
1683 98
1684 99
1685 99
1686 99
1687 99
1688 99
1689 99
1690 99
1691 99
1692 100
1693 100
1694 100
1695 100
1696 100
1697 100
1698 100
1699 101
1700 101
1701 101
1702 101
1703 101
1704 101
1705 101
1706 101
1707 101
1708 101
1709 102
1710 102
1711 102
1712 102
1713 102
1714 102
1715 102
1716 102
1717 103
1718 103
1719 103
1720 103
1721 103
1722 103
1723 103
1724 103
1725 104
1726 104
1727 104
1728 104
1729 104
1730 104
1731 104
1732 104
1733 105
1734 105
1735 105
1736 105
1737 105
1738 105
1739 105
1740 105
1741 105
1742 105
1743 106
1744 106
1745 106
1746 106
1747 106
1748 107
1749 107
1750 107
1751 107
1752 107
1753 107
1754 107
1755 108
1756 108
1757 108
1758 108
1759 108
1760 109
1761 109
1762 109
1763 109
1764 109
1765 109
1766 109
1767 110
1768 110
1769 110
1770 110
1771 110
1772 110
1773 110
1774 110
1775 111
1776 111
1777 111
1778 111
1779 111
1780 111
1781 111
1782 112
1783 112
1784 112
1785 112
1786 112
1787 112
1788 112
1789 112
1790 112
1791 113
1792 113
1793 113
1794 113
1795 113
1796 113
1797 113
1798 114
1799 114
1800 114
1801 114
1802 114
1803 114
1804 114
1805 114
1806 115
1807 115
1808 115
1809 115
1810 115
1811 115
1812 115
1813 115
1814 115
1815 116
1816 116
1817 116
1818 116
1819 116
1820 116
1821 116
1822 116
1823 117
1824 117
1825 117
1826 117
1827 117
1828 117
1829 117
1830 117
1831 118
1832 118
1833 118
1834 118
1835 118
1836 118
1837 118
1838 118
1839 118
1840 119
1841 119
1842 119
1843 119
1844 119
1845 119
1846 120
1847 120
1848 120
1849 120
1850 120
1851 120
1852 120
1853 120
1854 120
1855 121
1856 121
1857 121
1858 121
1859 121
1860 121
1861 122
1862 122
1863 122
1864 122
1865 122
1866 122
1867 123
1868 123
1869 123
1870 123
1871 123
1872 123
1873 123
1874 123
1875 124
1876 124
1877 124
1878 124
1879 124
1880 124
1881 125
1882 125
1883 125
1884 125
1885 125
1886 125
1887 125
1888 126
1889 126
1890 126
1891 126
1892 126
1893 126
1894 126
1895 126
1896 127
1897 127
1898 127
1899 127
1900 127
1901 127
1902 127
1903 127
1904 128
1905 128
1906 128
1907 128
1908 128
1909 128
1910 129
1911 129
1912 129
1913 129
1914 129
1915 129
1916 129
1917 130
1918 130
1919 130
1920 130
1921 130
1922 130
1923 130
1924 131
1925 131
1926 131
1927 131
1928 131
1929 131
1930 131
1931 131
1932 132
1933 132
1934 132
1935 132
1936 132
1937 132
1938 133
1939 133
1940 133
1941 133
1942 133
1943 133
1944 133
1945 133
1946 134
1947 134
1948 134
1949 134
1950 134
1951 134
1952 134
1953 135
1954 135
1955 135
1956 135
1957 135
1958 135
1959 136
1960 136
1961 136
1962 136
1963 136
1964 136
1965 137
1966 137
1967 137
1968 137
1969 137
1970 137
1971 137
1972 137
1973 138
1974 138
1975 138
1976 138
1977 139
1978 139
1979 139
1980 139
1981 139
1982 139
1983 139
1984 140
1985 140
1986 140
1987 140
1988 140
1989 140
1990 140
1991 140
1992 141
1993 141
1994 141
1995 141
1996 141
1997 141
1998 142
1999 142
2000 142
2001 143
2002 143
2003 143
2004 143
2005 143
2006 144
2007 144
2008 144
2009 144
2010 144
2011 144
2012 145
2013 145
2014 145
2015 145
2016 145
2017 145
2018 146
2019 146
2020 146
2021 146
2022 146
2023 146
2024 146
2025 147
2026 147
2027 147
2028 147
2029 147
2030 147
2031 147
2032 147
2033 147
2034 147
2035 148
2036 148
2037 148
2038 148
2039 148
2040 148
2041 149
2042 149
2043 149
2044 149
2045 149
2046 149
2047 150
2048 150
2049 150
2050 150
2051 150
2052 150
2053 151
2054 151
2055 151
2056 151
2057 151
2058 151
2059 151
2060 151
2061 152
2062 152
2063 152
2064 152
2065 152
2066 152
2067 152
2068 152
2069 153
2070 153
2071 153
2072 153
2073 153
2074 153
2075 153
2076 153
2077 154
2078 154
2079 154
2080 154
2081 154
2082 154
2083 155
2084 155
2085 155
2086 155
2087 155
2088 155
2089 156
2090 156
2091 156
2092 156
2093 156
2094 156
2095 156
2096 156
2097 156
2098 156
2099 156
2100 157
2101 157
2102 157
2103 157
2104 158
2105 158
2106 158
2107 158
2108 158
2109 158
2110 158
2111 159
2112 159
2113 159
2114 159
2115 159
2116 159
2117 159
2118 159
2119 159
2120 160
2121 160
2122 160
2123 160
2124 160
2125 161
2126 161
2127 161
2128 161
2129 161
2130 161
2131 162
2132 162
2133 162
2134 162
2135 162
2136 162
2137 163
2138 163
2139 163
2140 163
2141 163
2142 163
2143 164
2144 164
2145 164
2146 164
2147 164
2148 164
2149 164
2150 165
2151 165
2152 165
2153 165
2154 165
2155 165
2156 166
2157 166
2158 166
2159 166
2160 166
2161 166
2162 166
2163 167
2164 167
2165 167
2166 167
2167 167
2168 167
2169 168
2170 168
2171 168
2172 168
2173 168
2174 168
2175 168
2176 168
2177 169
2178 169
2179 169
2180 169
2181 169
2182 169
2183 169
2184 170
2185 170
2186 170
2187 171
2188 171
2189 171
2190 171
2191 171
2192 171
2193 171
2194 172
2195 172
2196 172
2197 172
2198 172
2199 172
2200 172
2201 173
2202 173
2203 173
2204 173
2205 173
2206 173
2207 174
2208 174
2209 174
2210 174
2211 174
2212 174
2213 174
2214 174
2215 174
2216 174
2217 175
2218 175
2219 175
2220 175
2221 175
2222 175
2223 176
2224 176
2225 176
2226 176
2227 176
2228 176
2229 176
2230 177
2231 177
2232 177
2233 177
2234 177
2235 177
2236 177
2237 178
2238 178
2239 178
2240 178
2241 178
2242 178
2243 178
2244 178
2245 179
2246 179
2247 179
2248 179
2249 179
2250 179
2251 179
2252 179
2253 180
2254 180
2255 180
2256 180
2257 180
2258 180
2259 180
2260 180
2261 181
2262 181
2263 181
2264 181
2265 181
2266 182
2267 182
2268 182
2269 182
2270 182
2271 183
2272 183
2273 183
2274 183
2275 183
2276 183
2277 184
2278 184
2279 184
2280 184
2281 184
2282 185
2283 185
2284 185
2285 185
2286 185
2287 185
2288 185
2289 185
2290 186
2291 186
2292 186
2293 186
2294 186
2295 186
2296 187
2297 187
2298 187
2299 187
2300 187
2301 187
2302 188
2303 188
2304 188
2305 188
2306 188
2307 189
2308 189
2309 189
2310 189
2311 189
2312 190
2313 190
2314 190
2315 190
2316 190
2317 190
2318 190
2319 190
2320 191
2321 191
2322 191
2323 191
2324 191
2325 191
2326 191
2327 192
2328 192
2329 192
2330 192
2331 192
2332 192
2333 192
2334 193
2335 193
2336 193
2337 193
2338 193
2339 193
2340 193
2341 194
2342 194
2343 194
2344 194
2345 194
2346 194
2347 195
2348 195
2349 195
2350 195
2351 195
2352 196
2353 196
2354 196
2355 196
2356 196
2357 197
2358 197
2359 197
2360 197
2361 197
2362 197
2363 197
2364 197
2365 198
2366 198
2367 198
2368 198
2369 198
2370 199
2371 199
2372 199
2373 199
2374 199
2375 199
2376 199
2377 199
2378 200
2379 200
2380 200
2381 200
2382 200
2383 200
2384 200
2385 200
2386 200
2387 201
2388 201
2389 201
2390 201
2391 201
2392 201
2393 201
2394 201
2395 202
2396 202
2397 202
2398 202
2399 202
2400 202
2401 202
2402 203
2403 203
2404 203
2405 203
2406 203
2407 204
2408 204
2409 204
2410 204
2411 204
2412 204
2413 204
2414 204
2415 205
2416 205
2417 205
2418 205
2419 205
2420 205
2421 205
2422 206
2423 206
2424 206
2425 206
2426 206
2427 207
2428 207
2429 207
2430 207
2431 207
2432 207
2433 208
2434 208
2435 208
2436 208
2437 208
2438 208
2439 209
2440 209
2441 209
2442 209
2443 209
2444 210
2445 210
2446 210
2447 210
2448 210
2449 210
2450 211
2451 211
2452 211
2453 211
2454 211
2455 211
2456 212
2457 212
2458 212
2459 212
2460 212
2461 212
2462 212
2463 213
2464 213
2465 213
2466 213
2467 213
2468 213
2469 214
2470 214
2471 214
2472 214
2473 214
2474 214
2475 215
2476 215
2477 215
2478 215
2479 216
2480 216
2481 216
2482 216
2483 216
2484 216
2485 217
2486 217
2487 217
2488 217
2489 217
2490 217
2491 217
2492 218
2493 218
2494 218
2495 218
2496 218
2497 218
2498 218
2499 219
2500 219
2501 219
2502 219
2503 220
2504 220
2505 220
2506 220
2507 220
2508 220
2509 221
2510 221
2511 221
2512 221
2513 221
2514 221
2515 221
2516 222
2517 222
2518 222
2519 222
2520 222
2521 222
2522 222
2523 222
2524 222
2525 223
2526 223
2527 223
2528 223
2529 223
2530 224
2531 224
2532 224
2533 224
2534 224
2535 224
2536 224
2537 224
2538 225
2539 225
2540 225
2541 225
2542 225
2543 226
2544 226
2545 226
2546 226
2547 226
2548 226
2549 226
2550 227
2551 227
2552 227
2553 227
2554 227
2555 228
2556 228
2557 228
2558 228
2559 228
2560 228
2561 229
2562 229
2563 229
2564 229
2565 229
2566 229
2567 229
2568 230
2569 230
2570 230
2571 230
2572 230
2573 230
2574 230
2575 231
2576 231
2577 231
2578 231
2579 231
2580 231
2581 232
2582 232
2583 232
2584 232
2585 232
2586 232
2587 232
2588 232
2589 233
2590 233
2591 233
2592 233
2593 233
2594 233
2595 234
2596 234
2597 234
2598 234
2599 234
2600 234
2601 234
2602 234
2603 235
2604 235
2605 235
2606 235
2607 235
2608 235
2609 236
2610 236
2611 236
2612 236
2613 236
2614 236
2615 237
2616 237
2617 237
2618 237
2619 237
2620 237
2621 238
2622 238
2623 238
2624 238
2625 238
2626 238
2627 239
2628 239
2629 239
2630 239
2631 239
2632 239
2633 240
2634 240
2635 240
2636 240
2637 240
2638 240
2639 241
2640 241
2641 241
2642 241
2643 241
2644 242
2645 242
2646 242
2647 242
2648 242
2649 242
2650 243
2651 243
2652 243
2653 243
2654 243
2655 243
2656 244
2657 244
2658 244
2659 244
2660 244
2661 244
2662 244
2663 244
2664 245
2665 245
2666 245
2667 245
2668 245
2669 246
2670 246
2671 246
2672 246
2673 246
2674 246
2675 246
2676 247
2677 247
2678 247
2679 247
2680 247
2681 247
2682 248
2683 248
2684 248
2685 248
2686 248
2687 249
2688 249
2689 249
2690 249
2691 249
2692 250
2693 250
2694 250
2695 250
2696 250
2697 250
2698 250
2699 251
2700 251
2701 251
2702 251
2703 251
2704 251
2705 251
2706 252
2707 252
2708 252
2709 252
2710 252
2711 252
2712 253
2713 253
2714 253
2715 253
2716 253
2717 253
2718 253
2719 254
2720 254
2721 254
2722 254
2723 254
2724 254
2725 255
2726 255
2727 255
2728 255
2729 255
2730 255
2731 255
2732 256
2733 256
2734 256
2735 256
2736 256
2737 256
2738 256
2739 257
2740 257
2741 257
2742 257
2743 257
2744 258
2745 258
2746 258
2747 258
2748 258
2749 258
2750 258
2751 259
2752 259
2753 259
2754 259
2755 260
2756 260
2757 260
2758 260
2759 260
2760 260
2761 260
2762 261
2763 261
2764 261
2765 261
2766 261
2767 261
2768 261
2769 262
2770 262
2771 262
2772 262
2773 263
2774 263
2775 263
2776 263
2777 263
2778 263
2779 264
2780 264
2781 264
2782 264
2783 264
2784 265
2785 265
2786 265
2787 265
2788 265
2789 265
2790 266
2791 266
2792 266
2793 266
2794 266
2795 267
2796 267
2797 267
2798 267
2799 267
2800 267
2801 267
2802 267
2803 268
2804 268
2805 268
2806 268
2807 268
2808 268
2809 269
2810 269
2811 269
2812 269
2813 269
2814 269
2815 270
2816 270
2817 270
2818 270
2819 270
2820 270
2821 271
2822 271
2823 271
2824 271
2825 271
2826 272
2827 272
2828 272
2829 272
2830 272
2831 273
2832 273
2833 273
2834 273
2835 273
2836 274
2837 274
2838 274
2839 274
2840 274
2841 274
2842 275
2843 275
2844 275
2845 275
2846 275
2847 275
2848 275
2849 275
2850 276
2851 276
2852 276
2853 276
2854 276
2855 276
2856 277
2857 277
2858 277
2859 277
2860 278
2861 278
2862 278
2863 278
2864 278
2865 278
2866 278
2867 278
2868 279
2869 279
2870 279
2871 279
2872 279
2873 279
2874 280
2875 280
2876 280
2877 280
2878 280
2879 281
2880 281
2881 281
2882 281
2883 281
2884 282
2885 282
2886 282
2887 282
2888 282
2889 282
2890 283
2891 283
2892 283
2893 283
2894 283
2895 283
2896 284
2897 284
2898 284
2899 284
2900 284
2901 285
2902 285
2903 285
2904 285
2905 285
2906 285
2907 286
2908 286
2909 286
2910 286
2911 287
2912 287
2913 287
2914 287
2915 287
2916 288
2917 288
2918 288
2919 288
2920 288
2921 288
2922 289
2923 289
2924 289
2925 289
2926 289
2927 290
2928 290
2929 290
2930 290
2931 290
2932 290
2933 291
2934 291
2935 291
2936 291
2937 291
2938 291
2939 291
2940 292
2941 292
2942 292
2943 292
2944 292
2945 293
2946 293
2947 293
2948 293
2949 293
2950 293
2951 293
2952 294
2953 294
2954 294
2955 294
2956 294
2957 294
2958 295
2959 295
2960 295
2961 295
2962 295
2963 295
2964 295
2965 295
2966 296
2967 296
2968 296
2969 296
2970 296
2971 296
2972 297
2973 297
2974 297
2975 297
2976 297
2977 297
2978 297
2979 298
2980 298
2981 298
2982 298
2983 298
2984 299
2985 299
2986 299
2987 299
2988 299
2989 299
2990 300
2991 300
2992 300
2993 300
2994 300
2995 300
2996 301
2997 301
2998 301
2999 301
3000 302
3001 302
3002 302
3003 302
3004 302
3005 302
3006 302
3007 302
3008 303
3009 303
3010 303
3011 303
3012 303
3013 303
3014 304
3015 304
3016 304
3017 304
3018 304
3019 304
3020 304
3021 305
3022 305
3023 305
3024 305
3025 305
3026 305
3027 306
3028 306
3029 306
3030 306
3031 306
3032 306
3033 307
3034 307
3035 307
3036 307
3037 307
3038 307
3039 307
3040 308
3041 308
3042 308
3043 308
3044 308
3045 308
3046 309
3047 309
3048 309
3049 309
3050 309
3051 309
3052 309
3053 309
3054 310
3055 310
3056 310
3057 310
3058 310
3059 310
3060 311
3061 311
3062 311
3063 311
3064 311
3065 312
3066 312
3067 312
3068 312
3069 312
3070 313
3071 313
3072 313
3073 313
3074 313
3075 313
3076 313
3077 313
3078 314
3079 314
3080 314
3081 314
3082 314
3083 314
3084 314
3085 314
3086 315
3087 315
3088 315
3089 315
3090 316
3091 316
3092 316
3093 316
3094 316
3095 316
3096 316
3097 316
3098 317
3099 317
3100 317
3101 317
3102 317
3103 317
3104 318
3105 318
3106 318
3107 318
3108 318
3109 318
3110 318
3111 319
3112 319
3113 319
3114 319
3115 319
3116 320
3117 320
3118 320
3119 320
3120 320
3121 321
3122 321
3123 321
3124 321
3125 321
3126 321
3127 321
3128 322
3129 322
3130 322
3131 322
3132 322
3133 322
3134 322
3135 322
3136 323
3137 323
3138 323
3139 323
3140 324
3141 324
3142 324
3143 324
3144 324
3145 325
3146 325
3147 325
3148 325
3149 325
3150 325
3151 325
3152 326
3153 326
3154 326
3155 326
3156 326
3157 326
3158 327
3159 327
3160 327
3161 327
3162 327
3163 327
3164 327
3165 328
3166 328
3167 328
3168 328
3169 328
3170 328
3171 328
3172 329
3173 329
3174 329
3175 329
3176 329
3177 329
3178 330
3179 330
3180 330
3181 330
3182 330
3183 330
3184 330
3185 331
3186 331
3187 331
3188 331
3189 331
3190 331
3191 331
3192 331
3193 332
3194 332
3195 332
3196 332
3197 332
3198 332
3199 333
3200 333
3201 333
3202 333
3203 333
3204 333
3205 333
3206 333
3207 334
3208 334
3209 334
3210 334
3211 334
3212 334
3213 335
3214 335
3215 335
3216 335
3217 335
3218 335
3219 336
3220 336
3221 336
3222 336
3223 337
3224 337
3225 337
3226 337
3227 337
3228 337
3229 337
3230 338
3231 338
3232 338
3233 338
3234 338
3235 339
3236 339
3237 339
3238 339
3239 339
3240 340
3241 340
3242 340
3243 340
3244 340
3245 341
3246 341
3247 341
3248 341
3249 341
3250 341
3251 341
3252 342
3253 342
3254 342
3255 342
3256 342
3257 342
3258 342
3259 342
3260 343
3261 343
3262 343
3263 343
3264 343
3265 344
3266 344
3267 344
3268 344
3269 344
3270 345
3271 345
3272 345
3273 345
3274 345
3275 345
3276 345
3277 346
3278 346
3279 346
3280 346
3281 347
3282 347
3283 347
3284 347
3285 347
3286 347
3287 347
3288 348
3289 348
3290 348
3291 348
3292 348
3293 348
3294 348
3295 349
3296 349
3297 349
3298 350
3299 350
3300 350
3301 350
3302 350
3303 351
3304 351
3305 351
3306 351
3307 351
3308 351
3309 352
3310 352
3311 352
3312 352
3313 352
3314 352
3315 353
3316 353
3317 353
3318 353
3319 353
3320 353
3321 353
3322 354
3323 354
3324 354
3325 354
3326 354
3327 354
3328 355
3329 355
3330 355
3331 355
3332 355
3333 355
3334 355
3335 355
3336 355
3337 356
3338 356
3339 356
3340 356
3341 356
3342 356
3343 357
3344 357
3345 357
3346 357
3347 357
3348 358
3349 358
3350 358
3351 358
3352 358
3353 358
3354 359
3355 359
3356 359
3357 359
3358 359
3359 360
3360 360
3361 360
3362 360
3363 360
3364 360
3365 361
3366 361
3367 361
3368 361
3369 361
3370 362
3371 362
3372 362
3373 362
3374 362
3375 363
3376 363
3377 363
3378 363
3379 363
3380 363
3381 364
3382 364
3383 364
3384 364
3385 364
3386 364
3387 365
3388 365
3389 365
3390 365
3391 365
3392 366
3393 366
3394 366
3395 366
3396 366
3397 366
3398 367
3399 367
3400 367
3401 367
3402 367
3403 367
3404 368
3405 368
3406 368
3407 368
3408 368
3409 368
3410 369
3411 369
3412 369
3413 369
3414 369
3415 369
3416 370
3417 370
3418 370
3419 370
3420 370
3421 371
3422 371
3423 371
3424 371
3425 371
3426 371
3427 371
3428 372
3429 372
3430 372
3431 372
3432 372
3433 372
3434 373
3435 373
3436 373
3437 373
3438 373
3439 373
3440 373
3441 374
3442 374
3443 374
3444 374
3445 374
3446 374
3447 375
3448 375
3449 375
3450 375
3451 375
3452 376
3453 376
3454 376
3455 376
3456 376
3457 376
3458 376
3459 376
3460 377
3461 377
3462 377
3463 377
3464 377
3465 377
3466 378
3467 378
3468 378
3469 378
3470 378
3471 378
3472 378
3473 379
3474 379
3475 379
3476 379
3477 379
3478 380
3479 380
3480 380
3481 380
3482 380
3483 380
3484 381
3485 381
3486 381
3487 381
3488 381
3489 381
3490 382
3491 382
3492 382
3493 382
3494 382
3495 383
3496 383
3497 383
3498 383
3499 384
3500 384
3501 384
3502 384
3503 384
3504 384
3505 384
3506 385
3507 385
3508 385
3509 385
3510 385
3511 385
3512 385
3513 385
3514 386
3515 386
3516 386
3517 386
3518 386
3519 386
3520 387
3521 387
3522 387
3523 387
3524 387
3525 388
3526 388
3527 388
3528 388
3529 388
3530 389
3531 389
3532 389
3533 389
3534 389
3535 389
3536 389
3537 389
3538 390
3539 390
3540 390
3541 390
3542 390
3543 391
3544 391
3545 391
3546 391
3547 391
3548 391
3549 391
3550 392
3551 392
3552 392
3553 392
3554 392
3555 393
3556 393
3557 393
3558 393
3559 393
3560 393
3561 393
3562 394
3563 394
3564 394
3565 394
3566 394
3567 394
3568 395
3569 395
3570 395
3571 395
3572 395
3573 395
3574 395
3575 396
3576 396
3577 396
3578 396
3579 396
3580 396
3581 396
3582 397
3583 397
3584 397
3585 397
3586 397
3587 397
3588 397
3589 398
3590 398
3591 398
3592 398
3593 398
3594 398
3595 399
3596 399
3597 399
3598 399
3599 399
3600 400
3601 400
3602 400
3603 400
3604 400
3605 400
3606 400
3607 401
3608 401
3609 401
3610 401
3611 401
3612 402
3613 402
3614 402
3615 402
3616 402
3617 403
3618 403
3619 403
3620 403
3621 403
3622 403
3623 404
3624 404
3625 404
3626 404
3627 404
3628 405
3629 405
3630 405
3631 405
3632 405
3633 405
3634 405
3635 406
3636 406
3637 406
3638 406
3639 406
3640 406
3641 407
3642 407
3643 408
3644 408
3645 408
3646 408
3647 408
3648 408
3649 409
3650 409
3651 409
3652 409
3653 409
3654 409
3655 409
3656 410
3657 410
3658 410
3659 410
3660 411
3661 411
3662 411
3663 411
3664 411
3665 411
3666 411
3667 411
3668 412
3669 412
3670 412
3671 412
3672 412
3673 412
3674 412
3675 412
3676 413
3677 413
3678 413
3679 413
3680 413
3681 414
3682 414
3683 414
3684 414
3685 414
3686 414
3687 414
3688 415
3689 415
3690 415
3691 415
3692 415
3693 415
3694 415
3695 416
3696 416
3697 416
3698 416
3699 416
3700 417
3701 417
3702 417
3703 417
3704 417
3705 417
3706 418
3707 418
3708 418
3709 418
3710 418
3711 418
3712 418
3713 418
3714 419
3715 419
3716 419
3717 419
3718 419
3719 419
3720 420
3721 420
3722 420
3723 420
3724 420
3725 420
3726 420
3727 421
3728 421
3729 421
3730 421
3731 422
3732 422
3733 422
3734 422
3735 422
3736 422
3737 423
3738 423
3739 423
3740 423
3741 423
3742 423
3743 423
3744 424
3745 424
3746 424
3747 424
3748 424
3749 424
3750 425
3751 425
3752 425
3753 425
3754 425
3755 425
3756 426
3757 426
3758 426
3759 426
3760 426
3761 426
3762 427
3763 427
3764 427
3765 427
3766 427
3767 427
3768 428
3769 428
3770 428
3771 428
3772 428
3773 428
3774 429
3775 429
3776 429
3777 429
3778 429
3779 429
3780 430
3781 430
3782 430
3783 430
3784 430
3785 430
3786 430
3787 431
3788 431
3789 431
3790 431
3791 431
3792 431
3793 432
3794 432
3795 432
3796 432
3797 432
3798 432
3799 433
3800 433
3801 433
3802 433
3803 433
3804 433
3805 434
3806 434
3807 434
3808 434
3809 434
3810 434
3811 434
3812 435
3813 435
3814 435
3815 435
3816 435
3817 435
3818 436
3819 436
3820 436
3821 436
3822 436
3823 437
3824 437
3825 437
3826 437
3827 437
3828 437
3829 438
3830 438
3831 438
3832 438
3833 438
3834 439
3835 439
3836 439
3837 439
3838 439
3839 439
3840 440
3841 440
3842 440
3843 440
3844 440
3845 440
3846 440
3847 440
3848 441
3849 441
3850 441
3851 441
3852 441
3853 442
3854 442
3855 442
3856 442
3857 442
3858 442
3859 442
3860 443
3861 443
3862 443
3863 443
3864 443
3865 443
3866 444
3867 444
3868 444
3869 444
3870 445
3871 445
3872 445
3873 445
3874 445
3875 446
3876 446
3877 446
3878 446
3879 447
3880 447
3881 447
3882 447
3883 447
3884 448
3885 448
3886 448
3887 448
3888 448
3889 449
3890 449
3891 449
3892 449
3893 449
3894 449
3895 449
3896 450
3897 450
3898 450
3899 450
3900 450
3901 450
3902 450
3903 451
3904 451
3905 451
3906 451
3907 451
3908 452
3909 452
3910 452
3911 452
3912 452
3913 452
3914 452
3915 453
3916 453
3917 453
3918 453
3919 453
3920 453
3921 453
3922 454
3923 454
3924 454
3925 454
3926 454
3927 455
3928 455
3929 455
3930 455
3931 455
3932 455
3933 456
3934 456
3935 456
3936 456
3937 456
3938 456
3939 457
3940 457
3941 457
3942 457
3943 457
3944 457
3945 458
3946 458
3947 458
3948 458
3949 458
3950 459
3951 459
3952 459
3953 459
3954 459
3955 459
3956 459
3957 460
3958 460
3959 460
3960 460
3961 460
3962 461
3963 461
3964 461
3965 461
3966 461
3967 461
3968 462
3969 462
3970 462
3971 462
3972 463
3973 463
3974 463
3975 463
3976 463
3977 463
3978 464
3979 464
3980 464
3981 464
3982 464
3983 465
3984 465
3985 465
3986 465
3987 465
3988 466
3989 466
3990 466
3991 466
3992 466
3993 467
3994 467
3995 467
3996 467
3997 467
3998 468
3999 468
4000 468
4001 468
4002 468
4003 468
4004 469
4005 469
4006 469
4007 469
4008 469
4009 470
4010 470
4011 470
4012 470
4013 470
4014 470
4015 470
4016 471
4017 471
4018 471
4019 471
4020 472
4021 472
4022 472
4023 472
4024 472
4025 473
4026 473
4027 473
4028 473
4029 473
4030 473
4031 473
4032 474
4033 474
4034 474
4035 474
4036 474
4037 474
4038 475
4039 475
4040 475
4041 475
4042 475
4043 475
4044 476
4045 476
4046 476
4047 476
4048 476
4049 476
4050 477
4051 477
4052 477
4053 477
4054 477
4055 477
4056 477
4057 477
4058 478
4059 478
4060 478
4061 478
4062 478
4063 478
4064 479
4065 479
4066 479
4067 479
4068 479
4069 480
4070 480
4071 480
4072 480
4073 480
4074 480
4075 481
4076 481
4077 481
4078 481
4079 481
4080 481
4081 481
4082 482
4083 482
4084 482
4085 482
4086 483
4087 483
4088 483
4089 483
4090 483
4091 483
4092 483
4093 484
4094 484
4095 484
4096 484
4097 484
4098 484
4099 485
4100 485
4101 485
4102 485
4103 485
4104 486
4105 486
4106 486
4107 486
4108 486
4109 486
4110 486
4111 487
4112 487
4113 487
4114 487
4115 487
4116 487
4117 488
4118 488
4119 488
4120 488
4121 488
4122 488
4123 488
4124 489
4125 489
4126 489
4127 489
4128 490
4129 490
4130 490
4131 490
4132 490
4133 490
4134 491
4135 491
4136 491
4137 491
4138 491
4139 491
4140 492
4141 492
4142 492
4143 492
4144 492
4145 492
4146 493
4147 493
4148 493
4149 493
4150 493
4151 493
4152 494
4153 494
4154 494
4155 494
4156 495
4157 495
4158 495
4159 495
4160 495
4161 495
4162 496
4163 496
4164 496
4165 496
4166 496
4167 497
4168 497
4169 497
4170 497
4171 497
4172 498
4173 498
4174 498
4175 498
4176 498
4177 498
4178 499
4179 499
4180 499
4181 499
4182 500
4183 500
4184 500
4185 500
4186 501
4187 501
4188 501
4189 501
4190 501
4191 501
4192 502
4193 502
4194 502
4195 502
4196 502
4197 502
4198 502
4199 502
4200 502
4201 503
4202 503
4203 503
4204 503
4205 503
4206 503
4207 504
4208 504
4209 504
4210 504
4211 504
4212 504
4213 505
4214 505
4215 505
4216 505
4217 505
4218 505
4219 506
4220 506
4221 506
4222 506
4223 506
4224 506
4225 507
4226 507
4227 507
4228 507
4229 507
4230 508
4231 508
4232 508
4233 508
4234 508
4235 508
4236 508
4237 509
4238 509
4239 509
4240 509
4241 509
4242 510
4243 510
4244 510
4245 510
4246 511
4247 511
4248 511
4249 511
4250 511
4251 511
4252 512
4253 512
4254 512
4255 512
4256 512
4257 512
4258 512
4259 513
4260 513
4261 513
4262 513
4263 513
4264 514
4265 514
4266 514
4267 514
4268 514
4269 515
4270 515
4271 515
4272 515
4273 515
4274 515
4275 515
4276 516
4277 516
4278 516
4279 516
4280 516
4281 516
4282 517
4283 517
4284 517
4285 517
4286 517
4287 517
4288 517
4289 518
4290 518
4291 518
4292 518
4293 519
4294 519
4295 519
4296 519
4297 519
4298 520
4299 520
4300 520
4301 520
4302 520
4303 520
4304 521
4305 521
4306 521
4307 521
4308 521
4309 522
4310 522
4311 522
4312 522
4313 522
4314 523
4315 523
4316 523
4317 523
4318 523
4319 523
4320 524
4321 524
4322 524
4323 524
4324 525
4325 525
4326 525
4327 525
4328 525
4329 526
4330 526
4331 526
4332 526
4333 526
4334 527
4335 527
4336 527
4337 527
4338 527
4339 527
4340 527
4341 528
4342 528
4343 528
4344 528
4345 528
4346 528
4347 528
4348 529
4349 529
4350 529
4351 529
4352 530
4353 530
4354 530
4355 530
4356 530
4357 530
4358 530
4359 531
4360 531
4361 531
4362 531
4363 531
4364 531
4365 531
4366 531
4367 532
4368 532
4369 532
4370 532
4371 532
4372 532
4373 533
4374 533
4375 533
4376 533
4377 533
4378 533
4379 534
4380 534
4381 534
4382 534
4383 535
4384 535
4385 535
4386 535
4387 535
4388 535
4389 535
4390 535
4391 536
4392 536
4393 536
4394 536
4395 536
4396 537
4397 537
4398 537
4399 537
4400 537
4401 538
4402 538
4403 538
4404 538
4405 538
4406 538
4407 539
4408 539
4409 539
4410 539
4411 539
4412 539
4413 539
4414 539
4415 540
4416 540
4417 540
4418 540
4419 540
4420 540
4421 540
4422 541
4423 541
4424 541
4425 541
4426 541
4427 542
4428 542
4429 542
4430 542
4431 542
4432 543
4433 543
4434 543
4435 543
4436 543
4437 544
4438 544
4439 544
4440 544
4441 544
4442 544
4443 544
4444 545
4445 545
4446 545
4447 545
4448 545
4449 546
4450 546
4451 546
4452 546
4453 546
4454 547
4455 547
4456 547
4457 547
4458 548
4459 548
4460 548
4461 548
4462 548
4463 548
4464 549
4465 549
4466 549
4467 549
4468 549
4469 549
4470 550
4471 550
4472 550
4473 550
4474 550
4475 551
4476 551
4477 551
4478 551
4479 551
4480 551
4481 552
4482 552
4483 552
4484 552
4485 552
4486 553
4487 553
4488 553
4489 553
4490 553
4491 554
4492 554
4493 554
4494 554
4495 555
4496 555
4497 555
4498 555
4499 555
4500 555
4501 556
4502 556
4503 556
4504 556
4505 557
4506 557
4507 557
4508 557
4509 557
4510 558
4511 558
4512 558
4513 558
4514 558
4515 558
4516 558
4517 559
4518 559
4519 559
4520 559
4521 559
4522 559
4523 559
4524 560
4525 560
4526 560
4527 560
4528 560
4529 561
4530 561
4531 561
4532 561
4533 561
4534 561
4535 561
4536 562
4537 562
4538 562
4539 562
4540 562
4541 563
4542 563
4543 563
4544 564
4545 564
4546 564
4547 564
4548 564
4549 565
4550 565
4551 565
4552 565
4553 565
4554 566
4555 566
4556 566
4557 566
4558 566
4559 566
4560 567
4561 567
4562 567
4563 567
4564 568
4565 568
4566 568
4567 568
4568 568
4569 569
4570 569
4571 569
4572 569
4573 570
4574 570
4575 570
4576 570
4577 570
4578 570
4579 571
4580 571
4581 571
4582 571
4583 571
4584 571
4585 571
4586 571
4587 572
4588 572
4589 572
4590 572
4591 572
4592 573
4593 573
4594 573
4595 573
4596 573
4597 573
4598 573
4599 574
4600 574
4601 574
4602 574
4603 574
4604 575
4605 575
4606 575
4607 575
4608 575
4609 575
4610 575
4611 576
4612 576
4613 576
4614 576
4615 576
4616 576
4617 577
4618 577
4619 577
4620 577
4621 577
4622 577
4623 578
4624 578
4625 578
4626 578
4627 578
4628 578
4629 578
4630 579
4631 579
4632 579
4633 579
4634 579
4635 579
4636 579
4637 580
4638 580
4639 580
4640 580
4641 580
4642 580
4643 580
4644 580
4645 581
4646 581
4647 581
4648 581
4649 581
4650 581
4651 582
4652 582
4653 582
4654 582
4655 582
4656 583
4657 583
4658 583
4659 583
4660 583
4661 583
4662 584
4663 584
4664 584
4665 584
4666 584
4667 585
4668 585
4669 585
4670 585
4671 585
4672 585
4673 585
4674 586
4675 586
4676 586
4677 586
4678 586
4679 587
4680 587
4681 587
4682 587
4683 587
4684 588
4685 588
4686 588
4687 588
4688 588
4689 589
4690 589
4691 589
4692 589
4693 589
4694 590
4695 590
4696 590
4697 590
4698 590
4699 591
4700 591
4701 591
4702 591
4703 591
4704 591
4705 592
4706 592
4707 592
4708 592
4709 592
4710 592
4711 592
4712 593
4713 593
4714 593
4715 593
4716 594
4717 594
4718 594
4719 594
4720 594
4721 594
4722 595
4723 595
4724 595
4725 595
4726 595
4727 596
4728 596
4729 596
4730 596
4731 596
4732 597
4733 597
4734 597
4735 597
4736 597
4737 598
4738 598
4739 598
4740 598
4741 598
4742 598
4743 599
4744 599
4745 599
4746 599
4747 599
4748 599
4749 600
4750 600
4751 600
4752 600
4753 600
4754 600
4755 601
4756 601
4757 601
4758 601
4759 602
4760 602
4761 602
4762 602
4763 602
4764 602
4765 603
4766 603
4767 603
4768 603
4769 603
4770 604
4771 604
4772 604
4773 604
4774 604
4775 604
4776 604
4777 605
4778 605
4779 605
4780 605
4781 605
4782 605
4783 606
4784 606
4785 606
4786 606
4787 607
4788 607
4789 607
4790 607
4791 607
4792 608
4793 608
4794 608
4795 608
4796 608
4797 609
4798 609
4799 609
4800 609
4801 609
4802 610
4803 610
4804 610
4805 610
4806 610
4807 611
4808 611
4809 611
4810 611
4811 611
4812 611
4813 612
4814 612
4815 612
4816 612
4817 613
4818 613
4819 613
4820 613
4821 613
4822 614
4823 614
4824 614
4825 614
4826 614
4827 614
4828 615
4829 615
4830 615
4831 615
4832 615
4833 615
4834 616
4835 616
4836 616
4837 616
4838 616
4839 617
4840 617
4841 617
4842 617
4843 617
4844 618
4845 618
4846 618
4847 618
4848 618
4849 619
4850 619
4851 619
4852 619
4853 619
4854 619
4855 619
4856 620
4857 620
4858 620
4859 620
4860 620
4861 620
4862 621
4863 621
4864 621
4865 621
4866 621
4867 621
4868 622
4869 622
4870 622
4871 622
4872 622
4873 622
4874 622
4875 623
4876 623
4877 623
4878 623
4879 623
4880 623
4881 623
4882 624
4883 624
4884 624
4885 624
4886 624
4887 624
4888 624
4889 624
4890 625
4891 625
4892 625
4893 625
4894 626
4895 626
4896 626
4897 626
4898 626
4899 627
4900 627
4901 627
4902 627
4903 627
4904 628
4905 628
4906 628
4907 628
4908 628
4909 629
4910 629
4911 629
4912 629
4913 629
4914 629
4915 630
4916 630
4917 630
4918 630
4919 630
4920 630
4921 631
4922 631
4923 631
4924 631
4925 631
4926 631
4927 631
4928 632
4929 632
4930 632
4931 632
4932 632
4933 632
4934 633
4935 633
4936 633
4937 633
4938 633
4939 634
4940 634
4941 634
4942 634
4943 634
4944 634
4945 634
4946 635
4947 635
4948 635
4949 635
4950 635
4951 635
4952 636
4953 636
4954 636
4955 636
4956 636
4957 636
4958 637
4959 637
4960 637
4961 637
4962 637
4963 638
4964 638
4965 638
4966 638
4967 638
4968 638
4969 638
4970 639
4971 639
4972 639
4973 639
4974 639
4975 639
4976 639
4977 640
4978 640
4979 640
4980 640
4981 641
4982 641
4983 641
4984 641
4985 641
4986 642
4987 642
4988 642
4989 642
4990 642
4991 642
4992 642
4993 643
4994 643
4995 643
4996 643
4997 644
4998 644
4999 644
5000 644
5001 644
5002 645
5003 645
5004 645
5005 645
5006 645
5007 645
5008 646
5009 646
5010 646
5011 646
5012 646
5013 647
5014 647
5015 647
5016 647
5017 648
5018 648
5019 648
5020 648
5021 648
5022 649
5023 649
5024 649
5025 649
5026 649
5027 649
5028 649
5029 650
5030 650
5031 650
5032 650
5033 650
5034 650
5035 650
5036 651
5037 651
5038 651
5039 651
5040 652
5041 652
5042 652
5043 652
5044 652
5045 652
5046 652
5047 653
5048 653
5049 653
5050 653
5051 653
5052 653
5053 653
5054 653
5055 654
5056 654
5057 654
5058 654
5059 654
5060 655
5061 655
5062 655
5063 655
5064 655
5065 656
5066 656
5067 656
5068 656
5069 656
5070 656
5071 657
5072 657
5073 657
5074 657
5075 658
5076 658
5077 658
5078 658
5079 658
5080 659
5081 659
5082 659
5083 659
5084 659
5085 659
5086 660
5087 660
5088 660
5089 660
5090 660
5091 660
5092 661
5093 661
5094 661
5095 661
5096 661
5097 662
5098 662
5099 662
5100 662
5101 662
5102 663
5103 663
5104 663
5105 663
5106 663
5107 663
5108 663
5109 664
5110 664
5111 664
5112 664
5113 664
5114 664
5115 665
5116 665
5117 665
5118 665
5119 665
5120 666
5121 666
5122 666
5123 666
5124 666
5125 666
5126 667
5127 667
5128 667
5129 667
5130 667
5131 668
5132 668
5133 668
5134 668
5135 668
5136 669
5137 669
5138 669
5139 669
5140 669
5141 669
5142 670
5143 670
5144 670
5145 670
5146 671
5147 671
5148 671
5149 671
5150 671
5151 671
5152 672
5153 672
5154 672
5155 672
5156 672
5157 672
5158 672
5159 673
5160 673
5161 673
5162 673
5163 673
5164 673
5165 674
5166 674
5167 674
5168 674
5169 674
5170 674
5171 674
5172 675
5173 675
5174 675
5175 675
5176 675
5177 676
5178 676
5179 676
5180 676
5181 676
5182 676
5183 677
5184 677
5185 677
5186 677
5187 677
5188 677
5189 678
5190 678
5191 678
5192 678
5193 678
5194 678
5195 678
5196 678
5197 679
5198 679
5199 679
5200 679
5201 679
5202 680
5203 680
5204 680
5205 680
5206 680
5207 681
5208 681
5209 681
5210 681
5211 681
5212 682
5213 682
5214 682
5215 682
5216 682
5217 682
5218 683
5219 683
5220 683
5221 683
5222 683
5223 683
5224 684
5225 684
5226 684
5227 684
5228 684
5229 684
5230 684
5231 684
5232 685
5233 685
5234 685
5235 685
5236 686
5237 686
5238 686
5239 686
5240 686
5241 687
5242 687
5243 687
5244 687
5245 687
5246 687
5247 688
5248 688
5249 688
5250 688
5251 688
5252 688
5253 688
5254 689
5255 689
5256 689
5257 689
5258 690
5259 690
5260 690
5261 690
5262 690
5263 690
5264 691
5265 691
5266 691
5267 691
5268 691
5269 691
5270 692
5271 692
5272 692
5273 692
5274 692
5275 693
5276 693
5277 693
5278 693
5279 694
5280 694
5281 694
5282 694
5283 694
5284 695
5285 695
5286 695
5287 695
5288 695
5289 695
5290 696
5291 696
5292 696
5293 696
5294 696
5295 697
5296 697
5297 697
5298 697
5299 697
5300 698
5301 698
5302 698
5303 698
5304 699
5305 699
5306 699
5307 699
5308 699
5309 699
5310 699
5311 700
5312 700
5313 700
5314 700
5315 700
5316 700
5317 700
5318 700
5319 701
5320 701
5321 701
5322 701
5323 701
5324 701
5325 702
5326 702
5327 702
5328 702
5329 702
5330 702
5331 703
5332 703
5333 703
5334 703
5335 704
5336 704
5337 704
5338 704
5339 704
5340 705
5341 705
5342 705
5343 705
5344 706
5345 706
5346 706
5347 706
5348 706
5349 706
5350 706
5351 707
5352 707
5353 707
5354 707
5355 707
5356 707
5357 708
5358 708
5359 708
5360 708
5361 709
5362 709
5363 709
5364 709
5365 709
5366 709
5367 709
5368 709
5369 710
5370 710
5371 710
5372 710
5373 710
5374 711
5375 711
5376 711
5377 711
5378 711
5379 711
5380 712
5381 712
5382 712
5383 712
5384 712
5385 712
5386 712
5387 713
5388 713
5389 713
5390 713
5391 713
5392 713
5393 714
5394 714
5395 714
5396 714
5397 714
5398 714
5399 714
5400 714
5401 715
5402 715
5403 715
5404 715
5405 715
5406 715
5407 716
5408 716
5409 716
5410 716
5411 717
5412 717
5413 717
5414 717
5415 718
5416 718
5417 718
5418 718
5419 718
5420 718
5421 719
5422 719
5423 719
5424 719
5425 719
5426 720
5427 720
5428 720
5429 720
5430 720
5431 721
5432 721
5433 721
5434 721
5435 721
5436 721
5437 722
5438 722
5439 722
5440 722
5441 722
5442 723
5443 723
5444 723
5445 723
5446 724
5447 724
5448 724
5449 724
5450 724
5451 725
5452 725
5453 725
5454 725
5455 725
5456 726
5457 726
5458 726
5459 726
5460 726
5461 726
5462 727
5463 727
5464 727
5465 727
5466 727
5467 728
5468 728
5469 728
5470 728
5471 728
5472 728
5473 728
5474 729
5475 729
5476 729
5477 729
5478 729
5479 729
5480 729
5481 730
5482 730
5483 730
5484 730
5485 730
5486 731
5487 731
5488 731
5489 731
5490 731
5491 731
5492 731
5493 732
5494 732
5495 732
5496 732
5497 733
5498 733
5499 733
5500 733
5501 733
5502 734
5503 734
5504 734
5505 734
5506 734
5507 734
5508 734
5509 734
5510 735
5511 735
5512 735
5513 735
5514 736
5515 736
5516 736
5517 736
5518 736
5519 736
5520 737
5521 737
5522 737
5523 737
5524 737
5525 737
5526 737
5527 737
5528 737
5529 738
5530 738
5531 738
5532 738
5533 738
5534 739
5535 739
5536 739
5537 740
5538 740
5539 740
5540 740
5541 740
5542 741
5543 741
5544 741
5545 741
5546 741
5547 742
5548 742
5549 742
5550 742
5551 742
5552 742
5553 743
5554 743
5555 743
5556 743
5557 743
5558 743
5559 743
5560 743
5561 744
5562 744
5563 744
5564 744
5565 744
5566 744
5567 745
5568 745
5569 745
5570 745
5571 745
5572 745
5573 745
5574 745
5575 746
5576 746
5577 746
5578 746
5579 747
5580 747
5581 747
5582 747
5583 747
5584 747
5585 748
5586 748
5587 748
5588 748
5589 748
5590 749
5591 749
5592 749
5593 749
5594 749
5595 749
5596 750
5597 750
5598 750
5599 750
5600 750
5601 750
5602 751
5603 751
5604 751
5605 751
5606 751
5607 751
5608 752
5609 752
5610 752
5611 752
5612 752
5613 752
5614 753
5615 753
5616 753
5617 753
5618 753
5619 753
5620 754
5621 754
5622 754
5623 754
5624 754
5625 754
5626 755
5627 755
5628 755
5629 755
5630 755
5631 755
5632 756
5633 756
5634 756
5635 756
5636 756
5637 757
5638 757
5639 757
5640 757
5641 757
5642 758
5643 758
5644 758
5645 758
5646 758
5647 758
5648 758
5649 759
5650 759
5651 759
5652 759
5653 759
5654 759
5655 760
5656 760
5657 760
5658 760
5659 761
5660 761
5661 761
5662 761
5663 761
5664 761
5665 762
5666 762
5667 762
5668 762
5669 762
5670 762
5671 762
5672 763
5673 763
5674 763
5675 763
5676 763
5677 763
5678 764
5679 764
5680 764
5681 764
5682 764
5683 764
5684 764
5685 765
5686 765
5687 765
5688 765
5689 765
5690 766
5691 766
5692 766
5693 766
5694 766
5695 767
5696 767
5697 767
5698 767
5699 767
5700 768
5701 768
5702 768
5703 768
5704 768
5705 768
5706 768
5707 769
5708 769
5709 769
5710 769
5711 769
5712 769
5713 770
5714 770
5715 770
5716 770
5717 770
5718 770
5719 770
5720 771
5721 771
5722 771
5723 771
5724 771
5725 771
5726 772
5727 772
5728 772
5729 772
5730 772
5731 772
5732 773
5733 773
5734 773
5735 773
5736 774
5737 774
5738 774
5739 774
5740 774
5741 774
5742 774
5743 774
5744 775
5745 775
5746 775
5747 775
5748 775
5749 775
5750 776
5751 776
5752 776
5753 776
5754 776
5755 776
5756 777
5757 777
5758 777
5759 777
5760 777
5761 778
5762 778
5763 778
5764 778
5765 778
5766 779
5767 779
5768 779
5769 779
5770 779
5771 780
5772 780
5773 780
5774 780
5775 780
5776 780
5777 780
5778 781
5779 781
5780 781
5781 781
5782 781
5783 781
5784 781
5785 782
5786 782
5787 782
5788 782
5789 782
5790 782
5791 782
5792 783
5793 783
5794 783
5795 783
5796 783
5797 783
5798 783
5799 784
5800 784
5801 784
5802 784
5803 784
5804 785
5805 785
5806 785
5807 785
5808 785
5809 785
5810 785
5811 786
5812 786
5813 786
5814 786
5815 786
5816 786
5817 786
5818 787
5819 787
5820 787
5821 787
5822 788
5823 788
5824 788
5825 788
5826 788
5827 788
5828 789
5829 789
5830 789
5831 789
5832 789
5833 790
5834 790
5835 790
5836 790
5837 790
5838 790
5839 791
5840 791
5841 791
5842 791
5843 792
5844 792
5845 792
5846 792
5847 792
5848 793
5849 793
5850 793
5851 793
5852 793
5853 794
5854 794
5855 794
5856 794
5857 795
5858 795
5859 795
5860 795
5861 795
5862 795
5863 795
5864 795
5865 796
5866 796
5867 796
5868 796
5869 796
5870 797
5871 797
5872 797
5873 797
5874 798
5875 798
5876 798
5877 798
5878 798
5879 799
5880 799
5881 799
5882 799
5883 799
5884 800
5885 800
5886 800
5887 800
5888 801
5889 801
5890 801
5891 801
5892 801
5893 802
5894 802
5895 802
5896 802
5897 802
5898 803
5899 803
5900 803
5901 803
5902 803
5903 803
5904 804
5905 804
5906 804
5907 804
5908 805
5909 805
5910 805
5911 805
5912 805
5913 805
5914 806
5915 806
5916 806
5917 806
5918 806
5919 806
5920 806
5921 807
5922 807
5923 807
5924 807
5925 807
5926 807
5927 808
5928 808
5929 808
5930 808
5931 808
5932 809
5933 809
5934 809
5935 809
5936 809
5937 809
5938 810
5939 810
5940 810
5941 810
5942 810
5943 811
5944 811
5945 811
5946 811
5947 811
5948 811
5949 812
5950 812
5951 812
5952 812
5953 812
5954 812
5955 812
5956 813
5957 813
5958 813
5959 813
5960 813
5961 813
5962 814
5963 814
5964 814
5965 814
5966 815
5967 815
5968 815
5969 815
5970 815
5971 816
5972 816
5973 816
5974 816
5975 816
5976 817
5977 817
5978 817
5979 817
5980 817
5981 817
5982 817
5983 818
5984 818
5985 818
5986 818
5987 818
5988 818
5989 819
5990 819
5991 819
5992 819
5993 819
5994 819
5995 820
5996 820
5997 820
5998 820
5999 820
6000 820
6001 821
6002 821
6003 821
6004 821
6005 821
6006 821
6007 821
6008 821
6009 822
6010 822
6011 822
6012 822
6013 822
6014 823
6015 823
6016 823
6017 823
6018 823
6019 824
6020 824
6021 824
6022 824
6023 824
6024 824
6025 824
6026 825
6027 825
6028 825
6029 825
6030 825
6031 825
6032 826
6033 826
6034 826
6035 826
6036 826
6037 826
6038 826
6039 827
6040 827
6041 827
6042 827
6043 827
6044 827
6045 827
6046 827
6047 828
6048 828
6049 828
6050 828
6051 829
6052 829
6053 829
6054 830
6055 830
6056 830
6057 830
6058 830
6059 831
6060 831
6061 831
6062 831
6063 831
6064 831
6065 832
6066 832
6067 832
6068 832
6069 832
6070 833
6071 833
6072 833
6073 833
6074 833
6075 834
6076 834
6077 834
6078 834
6079 834
6080 834
6081 834
6082 835
6083 835
6084 835
6085 835
6086 835
6087 835
6088 836
6089 836
6090 836
6091 836
6092 836
6093 836
6094 837
6095 837
6096 837
6097 837
6098 837
6099 838
6100 838
6101 838
6102 838
6103 838
6104 838
6105 839
6106 839
6107 839
6108 839
6109 839
6110 840
6111 840
6112 840
6113 840
6114 840
6115 841
6116 841
6117 841
6118 841
6119 841
6120 841
6121 841
6122 842
6123 842
6124 842
6125 842
6126 842
6127 842
6128 842
6129 843
6130 843
6131 843
6132 843
6133 844
6134 844
6135 844
6136 844
6137 844
6138 845
6139 845
6140 845
6141 845
6142 845
6143 845
6144 846
6145 846
6146 846
6147 846
6148 846
6149 847
6150 847
6151 847
6152 847
6153 847
6154 847
6155 848
6156 848
6157 848
6158 848
6159 848
6160 849
6161 849
6162 849
6163 849
6164 849
6165 849
6166 850
6167 850
6168 850
6169 850
6170 850
6171 850
6172 851
6173 851
6174 851
6175 851
6176 851
6177 852
6178 852
6179 852
6180 852
6181 852
6182 852
6183 852
6184 853
6185 853
6186 853
6187 853
6188 853
6189 854
6190 854
6191 854
6192 854
6193 855
6194 855
6195 855
6196 855
6197 855
6198 856
6199 856
6200 856
6201 856
6202 856
6203 856
6204 856
6205 856
6206 857
6207 857
6208 857
6209 857
6210 857
6211 858
6212 858
6213 858
6214 858
6215 858
6216 859
6217 859
6218 859
6219 859
6220 860
6221 860
6222 860
6223 860
6224 860
6225 860
6226 861
6227 861
6228 861
6229 861
6230 861
6231 861
6232 861
6233 862
6234 862
6235 862
6236 862
6237 862
6238 862
6239 863
6240 863
6241 863
6242 863
6243 864
6244 864
6245 864
6246 864
6247 864
6248 864
6249 865
6250 865
6251 865
6252 865
6253 865
6254 865
6255 866
6256 866
6257 866
6258 866
6259 866
6260 866
6261 866
6262 866
6263 867
6264 867
6265 867
6266 867
6267 867
6268 867
6269 868
6270 868
6271 868
6272 868
6273 868
6274 869
6275 869
6276 869
6277 869
6278 869
6279 870
6280 870
6281 870
6282 870
6283 870
6284 870
6285 871
6286 871
6287 871
6288 871
6289 871
6290 872
6291 872
6292 872
6293 872
6294 872
6295 872
6296 873
6297 873
6298 873
6299 873
6300 873
6301 873
6302 874
6303 874
6304 874
6305 874
6306 875
6307 875
6308 875
6309 875
6310 875
6311 875
6312 876
6313 876
6314 876
6315 876
6316 876
6317 876
6318 876
6319 877
6320 877
6321 877
6322 877
6323 877
6324 877
6325 878
6326 878
6327 878
6328 878
6329 878
6330 878
6331 878
6332 879
6333 879
6334 879
6335 879
6336 879
6337 879
6338 880
6339 880
6340 880
6341 880
6342 880
6343 880
6344 880
6345 880
6346 881
6347 881
6348 881
6349 881
6350 881
6351 881
6352 882
6353 882
6354 882
6355 882
6356 882
6357 883
6358 883
6359 883
6360 883
6361 883
6362 883
6363 883
6364 884
6365 884
6366 884
6367 884
6368 884
6369 884
6370 885
6371 885
6372 885
6373 885
6374 885
6375 885
6376 886
6377 886
6378 886
6379 886
6380 886
6381 887
6382 887
6383 887
6384 887
6385 887
6386 887
6387 888
6388 888
6389 888
6390 888
6391 888
6392 888
6393 888
6394 889
6395 889
6396 889
6397 889
6398 889
6399 890
6400 890
6401 890
6402 890
6403 890
6404 891
6405 891
6406 891
6407 891
6408 891
6409 891
6410 892
6411 892
6412 892
6413 892
6414 892
6415 892
6416 893
6417 893
6418 893
6419 893
6420 893
6421 893
6422 894
6423 894
6424 894
6425 894
6426 894
6427 895
6428 895
6429 895
6430 895
6431 896
6432 896
6433 896
6434 896
6435 896
6436 896
6437 897
6438 897
6439 897
6440 897
6441 897
6442 897
6443 898
6444 898
6445 898
6446 898
6447 898
6448 899
6449 899
6450 899
6451 899
6452 900
6453 900
6454 900
6455 900
6456 900
6457 900
6458 900
6459 901
6460 901
6461 901
6462 901
6463 902
6464 902
6465 902
6466 902
6467 902
6468 902
6469 903
6470 903
6471 903
6472 903
6473 903
6474 904
6475 904
6476 904
6477 904
6478 904
6479 904
6480 905
6481 905
6482 905
6483 905
6484 906
6485 906
6486 906
6487 906
6488 906
6489 906
6490 906
6491 906
6492 906
6493 907
6494 907
6495 907
6496 907
6497 907
6498 907
6499 908
6500 908
6501 908
6502 908
6503 908
6504 909
6505 909
6506 909
6507 909
6508 909
6509 909
6510 910
6511 910
6512 910
6513 910
6514 910
6515 910
6516 911
6517 911
6518 911
6519 911
6520 911
6521 912
6522 912
6523 912
6524 912
6525 912
6526 913
6527 913
6528 913
6529 913
6530 913
6531 913
6532 913
6533 913
6534 914
6535 914
6536 914
6537 914
6538 914
6539 914
6540 915
6541 915
6542 915
6543 915
6544 915
6545 916
6546 916
6547 916
6548 916
6549 916
6550 916
6551 916
6552 916
6553 917
6554 917
6555 917
6556 917
6557 918
6558 918
6559 918
6560 918
6561 918
6562 919
6563 919
6564 919
6565 919
6566 919
6567 919
6568 920
6569 920
6570 920
6571 920
6572 920
6573 921
6574 921
6575 921
6576 921
6577 921
6578 921
6579 922
6580 922
6581 922
6582 922
6583 922
6584 922
6585 922
6586 922
6587 923
6588 923
6589 923
6590 923
6591 923
6592 924
6593 924
6594 924
6595 924
6596 924
6597 924
6598 925
6599 925
6600 925
6601 925
6602 925
6603 926
6604 926
6605 926
6606 926
6607 926
6608 926
6609 927
6610 927
6611 927
6612 927
6613 927
6614 928
6615 928
6616 928
6617 928
6618 928
6619 928
6620 929
6621 929
6622 929
6623 929
6624 929
6625 929
6626 930
6627 930
6628 930
6629 930
6630 930
6631 931
6632 931
6633 931
6634 931
6635 931
6636 931
6637 931
6638 932
6639 932
6640 932
6641 932
6642 932
6643 933
6644 933
6645 933
6646 933
6647 934
6648 934
6649 934
6650 934
6651 934
6652 935
6653 935
6654 935
6655 935
6656 935
6657 935
6658 936
6659 936
6660 936
6661 936
6662 936
6663 936
6664 936
6665 936
6666 937
6667 937
6668 937
6669 937
6670 937
6671 937
6672 938
6673 938
6674 938
6675 938
6676 938
6677 938
6678 939
6679 939
6680 939
6681 939
6682 939
6683 940
6684 940
6685 940
6686 940
6687 940
6688 940
6689 941
6690 941
6691 941
6692 941
6693 941
6694 941
6695 942
6696 942
6697 942
6698 942
6699 942
6700 942
6701 943
6702 943
6703 943
6704 943
6705 944
6706 944
6707 944
6708 944
6709 944
6710 944
6711 945
6712 945
6713 945
6714 945
6715 945
6716 946
6717 946
6718 946
6719 946
6720 946
6721 946
6722 946
6723 946
6724 947
6725 947
6726 947
6727 947
6728 947
6729 948
6730 948
6731 948
6732 948
6733 948
6734 948
6735 948
6736 948
6737 949
6738 949
6739 949
6740 949
6741 950
6742 950
6743 950
6744 951
6745 951
6746 951
6747 951
6748 951
6749 952
6750 952
6751 952
6752 952
6753 952
6754 953
6755 953
6756 953
6757 953
6758 953
6759 954
6760 954
6761 954
6762 954
6763 954
6764 954
6765 954
6766 954
6767 955
6768 955
6769 955
6770 955
6771 956
6772 956
6773 956
6774 956
6775 956
6776 956
6777 956
6778 957
6779 957
6780 957
6781 957
6782 957
6783 958
6784 958
6785 958
6786 958
6787 958
6788 959
6789 959
6790 959
6791 959
6792 959
6793 959
6794 960
6795 960
6796 960
6797 960
6798 960
6799 961
6800 961
6801 961
6802 961
6803 961
6804 961
6805 962
6806 962
6807 962
6808 962
6809 963
6810 963
6811 963
6812 963
6813 963
6814 963
6815 964
6816 964
6817 964
6818 964
6819 964
6820 965
6821 965
6822 965
6823 965
6824 965
6825 965
6826 966
6827 966
6828 966
6829 966
6830 966
6831 967
6832 967
6833 967
6834 967
6835 968
6836 968
6837 968
6838 968
6839 968
6840 968
6841 969
6842 969
6843 969
6844 969
6845 969
6846 969
6847 970
6848 970
6849 970
6850 970
6851 970
6852 970
6853 971
6854 971
6855 971
6856 971
6857 972
6858 972
6859 972
6860 972
6861 972
6862 972
6863 973
6864 973
6865 973
6866 973
6867 973
6868 974
6869 974
6870 974
6871 974
6872 974
6873 975
6874 975
6875 975
6876 975
6877 975
6878 976
6879 976
6880 976
6881 976
6882 976
6883 976
6884 976
6885 977
6886 977
6887 977
6888 977
6889 977
6890 977
6891 978
6892 978
6893 978
6894 978
6895 979
6896 979
6897 979
6898 979
6899 980
6900 980
6901 980
6902 980
6903 981
6904 981
6905 981
6906 981
6907 982
6908 982
6909 982
6910 982
6911 982
6912 982
6913 982
6914 983
6915 983
6916 983
6917 983
6918 983
6919 983
6920 984
6921 984
6922 984
6923 984
6924 984
6925 984
6926 984
6927 985
6928 985
6929 985
6930 985
6931 985
6932 985
6933 986
6934 986
6935 986
6936 986
6937 986
6938 986
6939 987
6940 987
6941 987
6942 987
6943 987
6944 987
6945 987
6946 988
6947 988
6948 988
6949 988
6950 989
6951 989
6952 989
6953 989
6954 989
6955 989
6956 989
6957 990
6958 990
6959 990
6960 990
6961 990
6962 990
6963 991
6964 991
6965 991
6966 991
6967 991
6968 991
6969 992
6970 992
6971 992
6972 992
6973 992
6974 992
6975 992
6976 993
6977 993
6978 993
6979 993
6980 994
6981 994
6982 994
6983 994
6984 994
6985 994
6986 994
6987 995
6988 995
6989 995
6990 995
6991 995
6992 995
6993 996
6994 996
6995 996
6996 996
6997 996
6998 996
6999 997
7000 997
7001 997
7002 997
7003 998
7004 998
7005 998
7006 998
7007 998
7008 999
7009 999
7010 999
7011 999
7012 999
7013 999
7014 999
7015 1000
7016 1000
7017 1000
7018 1000
7019 1000
7020 1001
7021 1001
7022 1001
7023 1001
7024 1001
7025 1001
7026 1002
7027 1002
7028 1002
7029 1002
7030 1002
7031 1002
7032 1002
7033 1003
7034 1003
7035 1003
7036 1003
7037 1003
7038 1003
7039 1003
7040 1003
7041 1004
7042 1004
7043 1004
7044 1004
7045 1005
7046 1005
7047 1005
7048 1005
7049 1005
7050 1005
7051 1006
7052 1006
7053 1006
7054 1006
7055 1006
7056 1007
7057 1007
7058 1007
7059 1007
7060 1007
7061 1007
7062 1007
7063 1008
7064 1008
7065 1008
7066 1008
7067 1008
7068 1008
7069 1009
7070 1009
7071 1009
7072 1009
7073 1009
7074 1009
7075 1009
7076 1010
7077 1010
7078 1010
7079 1010
7080 1010
7081 1010
7082 1011
7083 1011
7084 1011
7085 1011
7086 1011
7087 1011
7088 1012
7089 1012
7090 1012
7091 1012
7092 1012
7093 1013
7094 1013
7095 1013
7096 1013
7097 1013
7098 1014
7099 1014
7100 1014
7101 1014
7102 1014
7103 1015
7104 1015
7105 1015
7106 1015
7107 1015
7108 1015
7109 1015
7110 1015
7111 1015
7112 1016
7113 1016
7114 1016
7115 1016
7116 1016
7117 1016
7118 1017
7119 1017
7120 1017
7121 1017
7122 1018
7123 1018
7124 1018
7125 1018
7126 1018
7127 1018
7128 1019
7129 1019
7130 1019
7131 1019
7132 1019
7133 1020
7134 1020
7135 1020
7136 1020
7137 1020
7138 1020
7139 1021
7140 1021
7141 1021
7142 1021
7143 1021
7144 1021
7145 1021
7146 1022
7147 1022
7148 1022
7149 1022
7150 1022
7151 1022
7152 1023
7153 1023
7154 1023
7155 1023
7156 1023
7157 1024
7158 1024
7159 1024
7160 1024
7161 1024
7162 1024
7163 1025
7164 1025
7165 1025
7166 1025
7167 1025
7168 1025
7169 1026
7170 1026
7171 1026
7172 1026
7173 1027
7174 1027
7175 1027
7176 1027
7177 1027
7178 1028
7179 1028
7180 1028
7181 1028
7182 1028
7183 1028
7184 1028
7185 1029
7186 1029
7187 1029
7188 1029
7189 1029
7190 1029
7191 1030
7192 1030
7193 1030
7194 1030
7195 1030
7196 1030
7197 1031
7198 1031
7199 1031
7200 1031
7201 1031
7202 1032
7203 1032
7204 1032
7205 1032
7206 1032
7207 1032
7208 1033
7209 1033
7210 1033
7211 1033
7212 1033
7213 1034
7214 1034
7215 1034
7216 1034
7217 1034
7218 1034
7219 1035
7220 1035
7221 1035
7222 1035
7223 1035
7224 1036
7225 1036
7226 1036
7227 1036
7228 1036
7229 1036
7230 1036
7231 1036
7232 1037
7233 1037
7234 1037
7235 1037
7236 1037
7237 1038
7238 1038
7239 1038
7240 1038
7241 1038
7242 1038
7243 1039
7244 1039
7245 1039
7246 1039
7247 1039
7248 1039
7249 1040
7250 1040
7251 1040
7252 1040
7253 1040
7254 1040
7255 1041
7256 1041
7257 1041
7258 1041
7259 1042
7260 1042
7261 1042
7262 1042
7263 1042
7264 1042
7265 1043
7266 1043
7267 1043
7268 1043
7269 1043
7270 1043
7271 1044
7272 1044
7273 1044
7274 1044
7275 1044
7276 1045
7277 1045
7278 1045
7279 1045
7280 1045
7281 1045
7282 1046
7283 1046
7284 1046
7285 1046
7286 1046
7287 1046
7288 1047
7289 1047
7290 1047
7291 1047
7292 1048
7293 1048
7294 1048
7295 1048
7296 1048
7297 1048
7298 1049
7299 1049
7300 1049
7301 1049
7302 1049
7303 1049
7304 1050
7305 1050
7306 1050
7307 1050
7308 1051
7309 1051
7310 1051
7311 1051
7312 1051
7313 1051
7314 1052
7315 1052
7316 1052
7317 1052
7318 1052
7319 1052
7320 1053
7321 1053
7322 1053
7323 1053
7324 1053
7325 1054
7326 1054
7327 1054
7328 1054
7329 1054
7330 1054
7331 1055
7332 1055
7333 1055
7334 1055
7335 1055
7336 1055
7337 1056
7338 1056
7339 1056
7340 1056
7341 1056
7342 1057
7343 1057
7344 1057
7345 1057
7346 1057
7347 1057
7348 1057
7349 1058
7350 1058
7351 1058
7352 1058
7353 1058
7354 1058
7355 1058
7356 1059
7357 1059
7358 1059
7359 1059
7360 1060
7361 1060
7362 1060
7363 1060
7364 1060
7365 1060
7366 1060
7367 1061
7368 1061
7369 1061
7370 1061
7371 1062
7372 1062
7373 1062
7374 1062
7375 1062
7376 1063
7377 1063
7378 1063
7379 1063
7380 1063
7381 1064
7382 1064
7383 1064
7384 1064
7385 1064
7386 1064
7387 1064
7388 1065
7389 1065
7390 1065
7391 1065
7392 1065
7393 1065
7394 1066
7395 1066
7396 1066
7397 1066
7398 1066
7399 1066
7400 1066
7401 1066
7402 1067
7403 1067
7404 1067
7405 1067
7406 1067
7407 1067
7408 1068
7409 1068
7410 1068
7411 1068
7412 1068
7413 1068
7414 1069
7415 1069
7416 1069
7417 1069
7418 1069
7419 1070
7420 1070
7421 1070
7422 1070
7423 1070
7424 1070
7425 1070
7426 1070
7427 1070
7428 1071
7429 1071
7430 1071
7431 1071
7432 1071
7433 1071
7434 1071
7435 1072
7436 1072
7437 1072
7438 1072
7439 1072
7440 1072
7441 1073
7442 1073
7443 1073
7444 1073
7445 1074
7446 1074
7447 1074
7448 1074
7449 1075
7450 1075
7451 1075
7452 1075
7453 1076
7454 1076
7455 1076
7456 1076
7457 1076
7458 1076
7459 1077
7460 1077
7461 1077
7462 1077
7463 1077
7464 1077
7465 1077
7466 1077
7467 1078
7468 1078
7469 1078
7470 1078
7471 1078
7472 1079
7473 1079
7474 1079
7475 1079
7476 1079
7477 1079
7478 1080
7479 1080
7480 1080
7481 1080
7482 1080
7483 1081
7484 1081
7485 1081
7486 1081
7487 1081
7488 1081
7489 1081
7490 1082
7491 1082
7492 1082
7493 1082
7494 1082
7495 1083
7496 1083
7497 1083
7498 1083
7499 1083
7500 1083
7501 1084
7502 1084
7503 1084
7504 1084
7505 1084
7506 1085
7507 1085
7508 1085
7509 1085
7510 1086
7511 1086
7512 1086
7513 1086
7514 1086
7515 1086
7516 1087
7517 1087
7518 1087
7519 1087
7520 1088
7521 1088
7522 1088
7523 1088
7524 1088
7525 1089
7526 1089
7527 1089
7528 1089
7529 1089
7530 1089
7531 1090
7532 1090
7533 1090
7534 1090
7535 1090
7536 1090
7537 1091
7538 1091
7539 1091
7540 1091
7541 1092
7542 1092
7543 1092
7544 1092
7545 1092
7546 1092
7547 1092
7548 1093
7549 1093
7550 1093
7551 1093
7552 1093
7553 1094
7554 1094
7555 1094
7556 1094
7557 1094
7558 1095
7559 1095
7560 1095
7561 1095
7562 1095
7563 1095
7564 1095
7565 1096
7566 1096
7567 1096
7568 1096
7569 1096
7570 1096
7571 1097
7572 1097
7573 1097
7574 1097
7575 1097
7576 1098
7577 1098
7578 1098
7579 1098
7580 1098
7581 1098
7582 1099
7583 1099
7584 1099
7585 1099
7586 1099
7587 1100
7588 1100
7589 1100
7590 1100
7591 1101
7592 1101
7593 1101
7594 1101
7595 1102
7596 1102
7597 1102
7598 1102
7599 1102
7600 1102
7601 1103
7602 1103
7603 1103
7604 1103
7605 1103
7606 1103
7607 1104
7608 1104
7609 1104
7610 1104
7611 1104
7612 1105
7613 1105
7614 1105
7615 1105
7616 1105
7617 1105
7618 1106
7619 1106
7620 1106
7621 1106
7622 1107
7623 1107
7624 1107
7625 1107
7626 1107
7627 1107
7628 1107
7629 1108
7630 1108
7631 1108
7632 1108
7633 1108
7634 1108
7635 1108
7636 1109
7637 1109
7638 1109
7639 1109
7640 1109
7641 1109
7642 1110
7643 1110
7644 1110
7645 1110
7646 1110
7647 1110
7648 1111
7649 1111
7650 1111
7651 1111
7652 1111
7653 1112
7654 1112
7655 1112
7656 1112
7657 1112
7658 1112
7659 1112
7660 1113
7661 1113
7662 1113
7663 1113
7664 1113
7665 1113
7666 1113
7667 1114
7668 1114
7669 1114
7670 1114
7671 1114
7672 1114
7673 1114
7674 1115
7675 1115
7676 1115
7677 1115
7678 1115
7679 1115
7680 1116
7681 1116
7682 1116
7683 1116
7684 1116
7685 1116
7686 1117
7687 1117
7688 1117
7689 1117
7690 1117
7691 1117
7692 1117
7693 1117
7694 1118
7695 1118
7696 1118
7697 1118
7698 1118
7699 1118
7700 1118
7701 1119
7702 1119
7703 1119
7704 1119
7705 1119
7706 1120
7707 1120
7708 1120
7709 1120
7710 1121
7711 1121
7712 1121
7713 1121
7714 1121
7715 1122
7716 1122
7717 1122
7718 1122
7719 1122
7720 1122
7721 1123
7722 1123
7723 1123
7724 1123
7725 1123
7726 1124
7727 1124
7728 1124
7729 1124
7730 1124
7731 1124
7732 1124
7733 1124
7734 1124
7735 1125
7736 1125
7737 1125
7738 1125
7739 1125
7740 1126
7741 1126
7742 1126
7743 1126
7744 1126
7745 1127
7746 1127
7747 1127
7748 1127
7749 1127
7750 1127
7751 1127
7752 1128
7753 1128
7754 1128
7755 1128
7756 1128
7757 1128
7758 1129
7759 1129
7760 1129
7761 1129
7762 1129
7763 1129
7764 1129
7765 1130
7766 1130
7767 1130
7768 1130
7769 1130
7770 1131
7771 1131
7772 1131
7773 1131
7774 1131
7775 1132
7776 1132
7777 1132
7778 1132
7779 1132
7780 1132
7781 1133
7782 1133
7783 1133
7784 1133
7785 1133
7786 1134
7787 1134
7788 1134
7789 1134
7790 1134
7791 1135
7792 1135
7793 1135
7794 1135
7795 1136
7796 1136
7797 1136
7798 1136
7799 1136
7800 1136
7801 1137
7802 1137
7803 1137
7804 1137
7805 1137
7806 1137
7807 1137
7808 1138
7809 1138
7810 1138
7811 1138
7812 1138
7813 1138
7814 1139
7815 1139
7816 1139
7817 1139
7818 1139
7819 1140
7820 1140
7821 1140
7822 1140
7823 1141
7824 1141
7825 1141
7826 1141
7827 1141
7828 1142
7829 1142
7830 1142
7831 1142
7832 1142
7833 1142
7834 1143
7835 1143
7836 1143
7837 1143
7838 1143
7839 1143
7840 1143
7841 1143
7842 1144
7843 1144
7844 1144
7845 1144
7846 1144
7847 1144
7848 1145
7849 1145
7850 1145
7851 1145
7852 1146
7853 1146
7854 1146
7855 1146
7856 1146
7857 1146
7858 1147
7859 1147
7860 1147
7861 1147
7862 1147
7863 1147
7864 1147
7865 1148
7866 1148
7867 1148
7868 1148
7869 1148
7870 1148
7871 1149
7872 1149
7873 1149
7874 1149
7875 1149
7876 1150
7877 1150
7878 1150
7879 1150
7880 1150
7881 1151
7882 1151
7883 1151
7884 1151
7885 1152
7886 1152
7887 1152
7888 1152
7889 1152
7890 1152
7891 1152
7892 1153
7893 1153
7894 1153
7895 1153
7896 1154
7897 1154
7898 1154
7899 1154
7900 1155
7901 1155
7902 1155
7903 1155
7904 1155
7905 1155
7906 1156
7907 1156
7908 1156
7909 1156
7910 1157
7911 1157
7912 1157
7913 1157
7914 1157
7915 1158
7916 1158
7917 1158
7918 1158
7919 1158
7920 1159
7921 1159
7922 1159
7923 1159
7924 1159
7925 1160
7926 1160
7927 1160
7928 1160
7929 1160
7930 1160
7931 1160
7932 1161
7933 1161
7934 1161
7935 1161
7936 1161
7937 1161
7938 1161
7939 1162
7940 1162
7941 1162
7942 1162
7943 1163
7944 1163
7945 1163
7946 1163
7947 1163
7948 1164
7949 1164
7950 1164
7951 1164
7952 1164
7953 1165
7954 1165
7955 1165
7956 1165
7957 1165
7958 1165
7959 1166
7960 1166
7961 1166
7962 1166
7963 1166
7964 1167
7965 1167
7966 1167
7967 1167
7968 1167
7969 1167
7970 1168
7971 1168
7972 1168
7973 1168
7974 1169
7975 1169
7976 1169
7977 1169
7978 1169
7979 1169
7980 1170
7981 1170
7982 1170
7983 1170
7984 1170
7985 1170
7986 1171
7987 1171
7988 1171
7989 1171
7990 1171
7991 1172
7992 1172
7993 1172
7994 1172
7995 1172
7996 1173
7997 1173
7998 1173
7999 1173
8000 1173
8001 1173
8002 1174
8003 1174
8004 1174
8005 1174
8006 1174
8007 1175
8008 1175
8009 1175
8010 1175
8011 1175
8012 1175
8013 1176
8014 1176
8015 1176
8016 1176
8017 1176
8018 1176
8019 1176
8020 1176
8021 1176
8022 1177
8023 1177
8024 1177
8025 1177
8026 1177
8027 1177
8028 1178
8029 1178
8030 1178
8031 1178
8032 1178
8033 1178
8034 1179
8035 1179
8036 1179
8037 1179
8038 1179
8039 1180
8040 1180
8041 1180
8042 1180
8043 1181
8044 1181
8045 1181
8046 1181
8047 1181
8048 1181
8049 1182
8050 1182
8051 1182
8052 1182
8053 1182
8054 1182
8055 1182
8056 1183
8057 1183
8058 1183
8059 1183
8060 1184
8061 1184
8062 1184
8063 1184
8064 1185
8065 1185
8066 1185
8067 1185
8068 1185
8069 1185
8070 1186
8071 1186
8072 1186
8073 1186
8074 1187
8075 1187
8076 1187
8077 1187
8078 1187
8079 1187
8080 1187
8081 1187
8082 1188
8083 1188
8084 1188
8085 1188
8086 1188
8087 1188
8088 1189
8089 1189
8090 1189
8091 1189
8092 1189
8093 1190
8094 1190
8095 1190
8096 1190
8097 1190
8098 1191
8099 1191
8100 1191
8101 1191
8102 1191
8103 1191
8104 1192
8105 1192
8106 1192
8107 1192
8108 1192
8109 1192
8110 1193
8111 1193
8112 1193
8113 1193
8114 1193
8115 1193
8116 1194
8117 1194
8118 1194
8119 1194
8120 1194
8121 1194
8122 1195
8123 1195
8124 1195
8125 1195
8126 1195
8127 1196
8128 1196
8129 1196
8130 1196
8131 1196
8132 1197
8133 1197
8134 1197
8135 1197
8136 1198
8137 1198
8138 1198
8139 1198
8140 1198
8141 1198
8142 1199
8143 1199
8144 1199
8145 1199
8146 1199
8147 1199
8148 1199
8149 1200
8150 1200
8151 1200
8152 1200
8153 1200
8154 1200
8155 1201
8156 1201
8157 1201
8158 1201
8159 1201
8160 1202
8161 1202
8162 1202
8163 1202
8164 1202
8165 1202
8166 1203
8167 1203
8168 1203
8169 1203
8170 1203
8171 1204
8172 1204
8173 1204
8174 1204
8175 1204
8176 1204
8177 1205
8178 1205
8179 1205
8180 1205
8181 1205
8182 1205
8183 1206
8184 1206
8185 1206
8186 1206
8187 1206
8188 1206
8189 1207
8190 1207
8191 1207
8192 1207
8193 1207
8194 1207
8195 1208
8196 1208
8197 1208
8198 1208
8199 1208
8200 1208
8201 1208
8202 1209
8203 1209
8204 1209
8205 1209
8206 1209
8207 1209
8208 1209
8209 1210
8210 1210
8211 1210
8212 1210
8213 1210
8214 1210
8215 1210
8216 1211
8217 1211
8218 1211
8219 1211
8220 1211
8221 1211
8222 1211
8223 1212
8224 1212
8225 1212
8226 1212
8227 1212
8228 1213
8229 1213
8230 1213
8231 1213
8232 1213
8233 1214
8234 1214
8235 1214
8236 1214
8237 1214
8238 1214
8239 1215
8240 1215
8241 1215
8242 1215
8243 1215
8244 1216
8245 1216
8246 1216
8247 1216
8248 1216
8249 1217
8250 1217
8251 1217
8252 1217
8253 1217
8254 1217
8255 1217
8256 1217
8257 1218
8258 1218
8259 1218
8260 1218
8261 1218
8262 1219
8263 1219
8264 1219
8265 1219
8266 1219
8267 1220
8268 1220
8269 1220
8270 1220
8271 1220
8272 1220
8273 1221
8274 1221
8275 1221
8276 1221
8277 1221
8278 1222
8279 1222
8280 1222
8281 1222
8282 1222
8283 1223
8284 1223
8285 1223
8286 1223
8287 1223
8288 1224
8289 1224
8290 1224
8291 1224
8292 1224
8293 1224
8294 1225
8295 1225
8296 1225
8297 1225
8298 1225
8299 1225
8300 1225
8301 1225
8302 1226
8303 1226
8304 1226
8305 1226
8306 1226
8307 1227
8308 1227
8309 1227
8310 1227
8311 1227
8312 1227
8313 1228
8314 1228
8315 1228
8316 1228
8317 1228
8318 1229
8319 1229
8320 1229
8321 1229
8322 1229
8323 1230
8324 1230
8325 1230
8326 1230
8327 1230
8328 1230
8329 1230
8330 1230
8331 1231
8332 1231
8333 1231
8334 1231
8335 1231
8336 1232
8337 1232
8338 1232
8339 1232
8340 1232
8341 1232
8342 1232
8343 1232
8344 1233
8345 1233
8346 1233
8347 1233
8348 1233
8349 1234
8350 1234
8351 1234
8352 1234
8353 1235
8354 1235
8355 1235
8356 1235
8357 1235
8358 1235
8359 1235
8360 1236
8361 1236
8362 1236
8363 1236
8364 1236
8365 1236
8366 1237
8367 1237
8368 1237
8369 1237
8370 1237
8371 1238
8372 1238
8373 1238
8374 1238
8375 1238
8376 1238
8377 1238
8378 1238
8379 1239
8380 1239
8381 1239
8382 1239
8383 1239
8384 1239
8385 1239
8386 1240
8387 1240
8388 1240
8389 1240
8390 1240
8391 1241
8392 1241
8393 1241
8394 1241
8395 1241
8396 1242
8397 1242
8398 1242
8399 1242
8400 1242
8401 1242
8402 1243
8403 1243
8404 1243
8405 1243
8406 1244
8407 1244
8408 1244
8409 1244
8410 1244
8411 1244
8412 1245
8413 1245
8414 1245
8415 1245
8416 1245
8417 1246
8418 1246
8419 1246
8420 1246
8421 1246
8422 1246
8423 1247
8424 1247
8425 1247
8426 1247
8427 1247
8428 1248
8429 1248
8430 1248
8431 1248
8432 1248
8433 1248
8434 1248
8435 1249
8436 1249
8437 1249
8438 1249
8439 1249
8440 1249
8441 1249
8442 1249
8443 1250
8444 1250
8445 1250
8446 1250
8447 1250
8448 1250
8449 1250
8450 1251
8451 1251
8452 1251
8453 1251
8454 1251
8455 1252
8456 1252
8457 1252
8458 1252
8459 1252
8460 1253
8461 1253
8462 1253
8463 1253
8464 1253
8465 1253
8466 1254
8467 1254
8468 1254
8469 1254
8470 1254
8471 1255
8472 1255
8473 1255
8474 1255
8475 1255
8476 1256
8477 1256
8478 1256
8479 1256
8480 1256
8481 1257
8482 1257
8483 1257
8484 1257
8485 1257
8486 1257
8487 1257
8488 1258
8489 1258
8490 1258
8491 1258
8492 1259
8493 1259
8494 1259
8495 1259
8496 1259
8497 1259
8498 1260
8499 1260
8500 1260
8501 1260
8502 1260
8503 1260
8504 1260
8505 1261
8506 1261
8507 1261
8508 1261
8509 1261
8510 1261
8511 1261
8512 1262
8513 1262
8514 1262
8515 1262
8516 1262
8517 1263
8518 1263
8519 1263
8520 1263
8521 1263
8522 1263
8523 1264
8524 1264
8525 1264
8526 1264
8527 1264
8528 1265
8529 1265
8530 1265
8531 1265
8532 1265
8533 1266
8534 1266
8535 1266
8536 1266
8537 1266
8538 1267
8539 1267
8540 1267
8541 1267
8542 1267
8543 1267
8544 1268
8545 1268
8546 1268
8547 1268
8548 1268
8549 1268
8550 1268
8551 1269
8552 1269
8553 1269
8554 1269
8555 1269
8556 1269
8557 1270
8558 1270
8559 1270
8560 1270
8561 1270
8562 1270
8563 1271
8564 1271
8565 1271
8566 1271
8567 1272
8568 1272
8569 1272
8570 1272
8571 1272
8572 1273
8573 1273
8574 1273
8575 1273
8576 1273
8577 1273
8578 1274
8579 1274
8580 1274
8581 1274
8582 1274
8583 1275
8584 1275
8585 1275
8586 1275
8587 1275
8588 1275
8589 1276
8590 1276
8591 1276
8592 1276
8593 1276
8594 1276
8595 1277
8596 1277
8597 1277
8598 1277
8599 1277
8600 1278
8601 1278
8602 1278
8603 1278
8604 1279
8605 1279
8606 1279
8607 1279
8608 1279
8609 1280
8610 1280
8611 1280
8612 1280
8613 1280
8614 1280
8615 1280
8616 1281
8617 1281
8618 1281
8619 1281
8620 1281
8621 1282
8622 1282
8623 1282
8624 1282
8625 1282
8626 1283
8627 1283
8628 1283
8629 1283
8630 1283
8631 1283
8632 1284
8633 1284
8634 1284
8635 1284
8636 1285
8637 1285
8638 1285
8639 1285
8640 1285
8641 1286
8642 1286
8643 1286
8644 1286
8645 1286
8646 1287
8647 1287
8648 1287
8649 1287
8650 1287
8651 1287
8652 1287
8653 1288
8654 1288
8655 1288
8656 1288
8657 1288
8658 1289
8659 1289
8660 1289
8661 1289
8662 1289
8663 1289
8664 1290
8665 1290
8666 1290
8667 1290
8668 1291
8669 1291
8670 1291
8671 1291
8672 1291
8673 1292
8674 1292
8675 1292
8676 1292
8677 1292
8678 1292
8679 1292
8680 1293
8681 1293
8682 1293
8683 1293
8684 1294
8685 1294
8686 1294
8687 1294
8688 1294
8689 1295
8690 1295
8691 1295
8692 1295
8693 1295
8694 1296
8695 1296
8696 1296
8697 1296
8698 1296
8699 1296
8700 1296
8701 1297
8702 1297
8703 1297
8704 1297
8705 1298
8706 1298
8707 1298
8708 1298
8709 1298
8710 1298
8711 1299
8712 1299
8713 1299
8714 1299
8715 1299
8716 1299
8717 1299
8718 1300
8719 1300
8720 1300
8721 1300
8722 1300
8723 1301
8724 1301
8725 1301
8726 1301
8727 1301
8728 1301
8729 1302
8730 1302
8731 1302
8732 1302
8733 1302
8734 1303
8735 1303
8736 1303
8737 1303
8738 1303
8739 1303
8740 1304
8741 1304
8742 1304
8743 1304
8744 1304
8745 1304
8746 1305
8747 1305
8748 1305
8749 1305
8750 1305
8751 1306
8752 1306
8753 1306
8754 1306
8755 1306
8756 1306
8757 1306
8758 1307
8759 1307
8760 1307
8761 1307
8762 1307
8763 1307
8764 1308
8765 1308
8766 1308
8767 1308
8768 1308
8769 1308
8770 1309
8771 1309
8772 1309
8773 1309
8774 1309
8775 1309
8776 1310
8777 1310
8778 1310
8779 1310
8780 1310
8781 1310
8782 1311
8783 1311
8784 1311
8785 1311
8786 1311
8787 1311
8788 1311
8789 1312
8790 1312
8791 1312
8792 1312
8793 1313
8794 1313
8795 1313
8796 1313
8797 1313
8798 1313
8799 1313
8800 1314
8801 1314
8802 1314
8803 1314
8804 1314
8805 1315
8806 1315
8807 1315
8808 1315
8809 1315
8810 1316
8811 1316
8812 1316
8813 1316
8814 1316
8815 1316
8816 1317
8817 1317
8818 1317
8819 1317
8820 1317
8821 1318
8822 1318
8823 1318
8824 1318
8825 1318
8826 1318
8827 1319
8828 1319
8829 1319
8830 1319
8831 1319
8832 1320
8833 1320
8834 1320
8835 1320
8836 1321
8837 1321
8838 1321
8839 1321
8840 1321
8841 1321
8842 1321
8843 1322
8844 1322
8845 1322
8846 1322
8847 1322
8848 1323
8849 1323
8850 1323
8851 1323
8852 1323
8853 1323
8854 1323
8855 1324
8856 1324
8857 1324
8858 1324
8859 1324
8860 1324
8861 1325
8862 1325
8863 1325
8864 1325
8865 1325
8866 1325
8867 1325
8868 1325
8869 1326
8870 1326
8871 1326
8872 1326
8873 1326
8874 1327
8875 1327
8876 1327
8877 1327
8878 1327
8879 1327
8880 1328
8881 1328
8882 1328
8883 1328
8884 1328
8885 1328
8886 1329
8887 1329
8888 1329
8889 1329
8890 1329
8891 1329
8892 1330
8893 1330
8894 1330
8895 1330
8896 1330
8897 1330
8898 1330
8899 1330
8900 1331
8901 1331
8902 1331
8903 1331
8904 1331
8905 1331
8906 1331
8907 1331
8908 1332
8909 1332
8910 1332
8911 1332
8912 1332
8913 1333
8914 1333
8915 1333
8916 1333
8917 1333
8918 1334
8919 1334
8920 1334
8921 1334
8922 1334
8923 1334
8924 1334
8925 1334
8926 1335
8927 1335
8928 1335
8929 1335
8930 1336
8931 1336
8932 1336
8933 1336
8934 1336
8935 1337
8936 1337
8937 1337
8938 1337
8939 1337
8940 1337
8941 1338
8942 1338
8943 1338
8944 1338
8945 1338
8946 1339
8947 1339
8948 1339
8949 1339
8950 1339
8951 1339
8952 1339
8953 1340
8954 1340
8955 1340
8956 1340
8957 1340
8958 1340
8959 1341
8960 1341
8961 1341
8962 1341
8963 1341
8964 1342
8965 1342
8966 1342
8967 1342
8968 1343
8969 1343
8970 1343
8971 1343
8972 1344
8973 1344
8974 1344
8975 1344
8976 1344
8977 1344
8978 1344
8979 1345
8980 1345
8981 1345
8982 1345
8983 1345
8984 1346
8985 1346
8986 1346
8987 1346
8988 1346
8989 1347
8990 1347
8991 1347
8992 1347
8993 1347
8994 1347
8995 1348
8996 1348
8997 1348
8998 1348
8999 1348
9000 1348
9001 1349
9002 1349
9003 1349
9004 1349
9005 1349
9006 1350
9007 1350
9008 1350
9009 1350
9010 1350
9011 1350
9012 1350
9013 1351
9014 1351
9015 1351
9016 1351
9017 1351
9018 1352
9019 1352
9020 1352
9021 1352
9022 1352
9023 1352
9024 1352
9025 1352
9026 1352
9027 1353
9028 1353
9029 1353
9030 1353
9031 1353
9032 1353
9033 1354
9034 1354
9035 1354
9036 1354
9037 1354
9038 1354
9039 1355
9040 1355
9041 1355
9042 1355
9043 1355
9044 1355
9045 1356
9046 1356
9047 1356
9048 1356
9049 1356
9050 1357
9051 1357
9052 1357
9053 1357
9054 1357
9055 1358
9056 1358
9057 1358
9058 1358
9059 1358
9060 1359
9061 1359
9062 1359
9063 1359
9064 1359
9065 1359
9066 1360
9067 1360
9068 1360
9069 1360
9070 1360
9071 1361
9072 1361
9073 1361
9074 1361
9075 1361
9076 1362
9077 1362
9078 1363
9079 1363
9080 1363
9081 1363
9082 1363
9083 1363
9084 1364
9085 1364
9086 1364
9087 1364
9088 1364
9089 1364
9090 1364
9091 1365
9092 1365
9093 1365
9094 1365
9095 1365
9096 1365
9097 1366
9098 1366
9099 1366
9100 1366
9101 1366
9102 1366
9103 1367
9104 1367
9105 1367
9106 1367
9107 1367
9108 1367
9109 1367
9110 1368
9111 1368
9112 1368
9113 1368
9114 1368
9115 1369
9116 1369
9117 1369
9118 1369
9119 1369
9120 1370
9121 1370
9122 1370
9123 1370
9124 1370
9125 1370
9126 1371
9127 1371
9128 1371
9129 1371
9130 1372
9131 1372
9132 1372
9133 1372
9134 1372
9135 1372
9136 1373
9137 1373
9138 1373
9139 1373
9140 1374
9141 1374
9142 1374
9143 1374
9144 1374
9145 1374
9146 1374
9147 1375
9148 1375
9149 1375
9150 1375
9151 1375
9152 1375
9153 1376
9154 1376
9155 1376
9156 1376
9157 1376
9158 1377
9159 1377
9160 1377
9161 1377
9162 1377
9163 1377
9164 1378
9165 1378
9166 1378
9167 1378
9168 1378
9169 1379
9170 1379
9171 1379
9172 1379
9173 1379
9174 1379
9175 1380
9176 1380
9177 1380
9178 1380
9179 1380
9180 1380
9181 1381
9182 1381
9183 1381
9184 1381
9185 1381
9186 1381
9187 1382
9188 1382
9189 1382
9190 1382
9191 1382
9192 1382
9193 1383
9194 1383
9195 1383
9196 1383
9197 1383
9198 1383
9199 1384
9200 1384
9201 1384
9202 1384
9203 1384
9204 1385
9205 1385
9206 1385
9207 1385
9208 1386
9209 1386
9210 1386
9211 1386
9212 1386
9213 1386
9214 1387
9215 1387
9216 1387
9217 1387
9218 1387
9219 1387
9220 1388
9221 1388
9222 1388
9223 1388
9224 1388
9225 1388
9226 1388
9227 1389
9228 1389
9229 1389
9230 1389
9231 1389
9232 1389
9233 1390
9234 1390
9235 1390
9236 1390
9237 1390
9238 1390
9239 1390
9240 1391
9241 1391
9242 1391
9243 1391
9244 1392
9245 1392
9246 1392
9247 1392
9248 1392
9249 1393
9250 1393
9251 1393
9252 1393
9253 1393
9254 1394
9255 1394
9256 1394
9257 1394
9258 1394
9259 1394
9260 1395
9261 1395
9262 1395
9263 1395
9264 1396
9265 1396
9266 1396
9267 1396
9268 1396
9269 1396
9270 1397
9271 1397
9272 1397
9273 1397
9274 1397
9275 1397
9276 1398
9277 1398
9278 1398
9279 1398
9280 1399
9281 1399
9282 1399
9283 1399
9284 1399
9285 1399
9286 1399
9287 1400
9288 1400
9289 1400
9290 1400
9291 1400
9292 1400
9293 1401
9294 1401
9295 1401
9296 1401
9297 1401
9298 1402
9299 1402
9300 1402
9301 1402
9302 1402
9303 1402
9304 1403
9305 1403
9306 1403
9307 1403
9308 1404
9309 1404
9310 1404
9311 1404
9312 1404
9313 1404
9314 1405
9315 1405
9316 1405
9317 1405
9318 1405
9319 1406
9320 1406
9321 1406
9322 1406
9323 1406
9324 1406
9325 1407
9326 1407
9327 1407
9328 1407
9329 1407
9330 1407
9331 1407
9332 1407
9333 1408
9334 1408
9335 1408
9336 1408
9337 1408
9338 1409
9339 1409
9340 1409
9341 1409
9342 1409
9343 1409
9344 1409
9345 1410
9346 1410
9347 1410
9348 1410
9349 1410
9350 1410
9351 1411
9352 1411
9353 1411
9354 1411
9355 1411
9356 1411
9357 1412
9358 1412
9359 1412
9360 1412
9361 1413
9362 1413
9363 1413
9364 1413
9365 1413
9366 1413
9367 1414
9368 1414
9369 1414
9370 1414
9371 1415
9372 1415
9373 1415
9374 1415
9375 1415
9376 1415
9377 1416
9378 1416
9379 1416
9380 1416
9381 1416
9382 1416
9383 1417
9384 1417
9385 1417
9386 1417
9387 1417
9388 1418
9389 1418
9390 1418
9391 1418
9392 1418
9393 1418
9394 1419
9395 1419
9396 1419
9397 1419
9398 1419
9399 1419
9400 1420
9401 1420
9402 1420
9403 1420
9404 1421
9405 1421
9406 1421
9407 1421
9408 1421
9409 1422
9410 1422
9411 1422
9412 1422
9413 1422
9414 1423
9415 1423
9416 1423
9417 1423
9418 1423
9419 1423
9420 1424
9421 1424
9422 1424
9423 1424
9424 1424
9425 1424
9426 1424
9427 1425
9428 1425
9429 1425
9430 1425
9431 1425
9432 1426
9433 1426
9434 1426
9435 1426
9436 1427
9437 1427
9438 1427
9439 1427
9440 1427
9441 1427
9442 1428
9443 1428
9444 1428
9445 1428
9446 1429
9447 1429
9448 1429
9449 1429
9450 1429
9451 1430
9452 1430
9453 1430
9454 1430
9455 1430
9456 1431
9457 1431
9458 1431
9459 1431
9460 1431
9461 1431
9462 1432
9463 1432
9464 1432
9465 1432
9466 1432
9467 1432
9468 1433
9469 1433
9470 1433
9471 1433
9472 1434
9473 1434
9474 1434
9475 1434
9476 1434
9477 1434
9478 1434
9479 1435
9480 1435
9481 1435
9482 1435
9483 1436
9484 1436
9485 1436
9486 1436
9487 1436
9488 1437
9489 1437
9490 1437
9491 1437
9492 1437
9493 1437
9494 1437
9495 1438
9496 1438
9497 1438
9498 1438
9499 1438
9500 1438
9501 1438
9502 1439
9503 1439
9504 1439
9505 1439
9506 1439
9507 1440
9508 1440
9509 1440
9510 1440
9511 1440
9512 1440
9513 1441
9514 1441
9515 1441
9516 1441
9517 1441
9518 1442
9519 1442
9520 1442
9521 1442
9522 1442
9523 1443
9524 1443
9525 1443
9526 1443
9527 1443
9528 1444
9529 1444
9530 1444
9531 1444
9532 1444
9533 1444
9534 1444
9535 1444
9536 1445
9537 1445
9538 1445
9539 1445
9540 1445
9541 1446
9542 1446
9543 1446
9544 1446
9545 1446
9546 1446
9547 1447
9548 1447
9549 1447
9550 1447
9551 1447
9552 1447
9553 1447
9554 1448
9555 1448
9556 1448
9557 1448
9558 1448
9559 1449
9560 1449
9561 1449
9562 1449
9563 1449
9564 1449
9565 1449
9566 1450
9567 1450
9568 1450
9569 1450
9570 1450
9571 1450
9572 1450
9573 1451
9574 1451
9575 1451
9576 1451
9577 1452
9578 1452
9579 1452
9580 1452
9581 1452
9582 1452
9583 1452
9584 1453
9585 1453
9586 1453
9587 1453
9588 1454
9589 1454
9590 1454
9591 1454
9592 1454
9593 1455
9594 1455
9595 1455
9596 1455
9597 1455
9598 1456
9599 1456
9600 1456
9601 1456
9602 1456
9603 1456
9604 1456
9605 1457
9606 1457
9607 1457
9608 1457
9609 1457
9610 1458
9611 1458
9612 1458
9613 1458
9614 1458
9615 1459
9616 1459
9617 1459
9618 1459
9619 1460
9620 1460
9621 1460
9622 1460
9623 1460
9624 1461
9625 1461
9626 1461
9627 1461
9628 1461
9629 1461
9630 1462
9631 1462
9632 1462
9633 1462
9634 1462
9635 1462
9636 1462
9637 1462
9638 1463
9639 1463
9640 1463
9641 1463
9642 1463
9643 1464
9644 1464
9645 1464
9646 1464
9647 1464
9648 1464
9649 1464
9650 1465
9651 1465
9652 1465
9653 1465
9654 1465
9655 1465
9656 1465
9657 1465
9658 1466
9659 1466
9660 1466
9661 1466
9662 1466
9663 1467
9664 1467
9665 1467
9666 1467
9667 1467
9668 1467
9669 1468
9670 1468
9671 1468
9672 1468
9673 1468
9674 1469
9675 1469
9676 1469
9677 1469
9678 1469
9679 1469
9680 1470
9681 1470
9682 1470
9683 1470
9684 1470
9685 1471
9686 1471
9687 1471
9688 1471
9689 1471
9690 1472
9691 1472
9692 1472
9693 1472
9694 1473
9695 1473
9696 1473
9697 1473
9698 1473
9699 1473
9700 1473
9701 1474
9702 1474
9703 1474
9704 1474
9705 1474
9706 1475
9707 1475
9708 1475
9709 1475
9710 1475
9711 1475
9712 1475
9713 1475
9714 1476
9715 1476
9716 1476
9717 1476
9718 1477
9719 1477
9720 1477
9721 1477
9722 1477
9723 1477
9724 1477
9725 1478
9726 1478
9727 1478
9728 1478
9729 1478
9730 1479
9731 1479
9732 1479
9733 1479
9734 1479
9735 1479
9736 1480
9737 1480
9738 1480
9739 1480
9740 1481
9741 1481
9742 1481
9743 1481
9744 1481
9745 1481
9746 1482
9747 1482
9748 1482
9749 1482
9750 1482
9751 1483
9752 1483
9753 1483
9754 1483
9755 1483
9756 1484
9757 1484
9758 1484
9759 1484
9760 1484
9761 1484
9762 1485
9763 1485
9764 1485
9765 1485
9766 1485
9767 1485
9768 1485
9769 1486
9770 1486
9771 1486
9772 1486
9773 1486
9774 1487
9775 1487
9776 1487
9777 1487
9778 1487
9779 1487
9780 1488
9781 1488
9782 1488
9783 1488
9784 1488
9785 1489
9786 1489
9787 1489
9788 1489
9789 1489
9790 1489
9791 1490
9792 1490
9793 1490
9794 1490
9795 1490
9796 1490
9797 1491
9798 1491
9799 1491
9800 1491
9801 1491
9802 1491
9803 1491
9804 1492
9805 1492
9806 1492
9807 1492
9808 1492
9809 1493
9810 1493
9811 1493
9812 1493
9813 1493
9814 1493
9815 1493
9816 1494
9817 1494
9818 1494
9819 1494
9820 1494
9821 1495
9822 1495
9823 1495
9824 1495
9825 1495
9826 1495
9827 1495
9828 1496
9829 1496
9830 1496
9831 1496
9832 1496
9833 1497
9834 1497
9835 1497
9836 1497
9837 1498
9838 1498
9839 1498
9840 1498
9841 1498
9842 1499
9843 1499
9844 1499
9845 1499
9846 1499
9847 1499
9848 1499
9849 1500
9850 1500
9851 1500
9852 1500
9853 1500
9854 1501
9855 1501
9856 1501
9857 1501
9858 1501
9859 1501
9860 1502
9861 1502
9862 1502
9863 1502
9864 1502
9865 1502
9866 1503
9867 1503
9868 1503
9869 1503
9870 1503
9871 1504
9872 1504
9873 1504
9874 1504
9875 1504
9876 1505
9877 1505
9878 1505
9879 1505
9880 1505
9881 1505
9882 1506
9883 1506
9884 1506
9885 1506
9886 1506
9887 1507
9888 1507
9889 1507
9890 1507
9891 1507
9892 1508
9893 1508
9894 1508
9895 1508
9896 1508
9897 1509
9898 1509
9899 1509
9900 1509
9901 1510
9902 1510
9903 1510
9904 1510
9905 1510
9906 1510
9907 1511
9908 1511
9909 1511
9910 1511
9911 1511
9912 1511
9913 1512
9914 1512
9915 1512
9916 1512
9917 1512
9918 1512
9919 1512
9920 1513
9921 1513
9922 1513
9923 1513
9924 1513
9925 1514
9926 1514
9927 1514
9928 1514
9929 1514
9930 1515
9931 1515
9932 1515
9933 1515
9934 1515
9935 1515
9936 1516
9937 1516
9938 1516
9939 1516
9940 1516
9941 1516
9942 1516
9943 1517
9944 1517
9945 1517
9946 1517
9947 1517
9948 1517
9949 1518
9950 1518
9951 1518
9952 1518
9953 1518
9954 1518
9955 1519
9956 1519
9957 1519
9958 1519
9959 1519
9960 1519
9961 1520
9962 1520
9963 1520
9964 1520
9965 1520
9966 1520
9967 1521
9968 1521
9969 1521
9970 1521
9971 1521
9972 1522
9973 1522
9974 1522
9975 1522
9976 1522
9977 1522
9978 1522
9979 1522
9980 1523
9981 1523
9982 1523
9983 1523
9984 1523
9985 1523
9986 1524
9987 1524
9988 1524
9989 1524
9990 1525
9991 1525
9992 1525
9993 1525
9994 1525
9995 1526
9996 1526
9997 1526
9998 1526
9999 1526
