0 0
1 0
2 0
3 0
4 0
5 0
6 0
7 0
8 0
9 0
10 0
11 0
12 0
13 0
14 0
15 0
16 0
17 0
18 0
19 0
20 0
21 0
22 0
23 0
24 0
25 0
26 0
27 0
28 0
29 0
30 0
31 0
32 0
33 0
34 0
35 0
36 0
37 0
38 0
39 0
40 0
41 0
42 0
43 0
44 0
45 0
46 0
47 0
48 0
49 0
50 0
51 0
52 0
53 0
54 0
55 0
56 0
57 0
58 0
59 0
60 0
61 0
62 0
63 0
64 0
65 0
66 0
67 0
68 0
69 0
70 0
71 0
72 0
73 0
74 0
75 0
76 0
77 0
78 0
79 0
80 0
81 0
82 0
83 0
84 0
85 0
86 0
87 0
88 0
89 0
90 0
91 0
92 0
93 0
94 0
95 0
96 0
97 0
98 0
99 0
100 0
101 0
102 0
103 0
104 0
105 0
106 0
107 0
108 0
109 0
110 0
111 0
112 0
113 0
114 0
115 0
116 0
117 0
118 0
119 0
120 0
121 0
122 0
123 0
124 0
125 0
126 0
127 0
128 0
129 0
130 0
131 0
132 0
133 0
134 0
135 0
136 0
137 0
138 0
139 0
140 0
141 0
142 0
143 0
144 0
145 0
146 0
147 0
148 0
149 0
150 0
151 0
152 0
153 0
154 0
155 0
156 0
157 0
158 0
159 0
160 0
161 0
162 0
163 0
164 0
165 0
166 0
167 0
168 0
169 0
170 0
171 0
172 0
173 0
174 0
175 0
176 0
177 0
178 0
179 0
180 0
181 0
182 0
183 0
184 0
185 0
186 0
187 0
188 0
189 0
190 0
191 0
192 0
193 0
194 0
195 0
196 0
197 0
198 0
199 0
200 0
201 0
202 0
203 0
204 0
205 0
206 0
207 0
208 0
209 0
210 0
211 0
212 0
213 0
214 0
215 0
216 0
217 0
218 0
219 0
220 0
221 0
222 0
223 0
224 0
225 0
226 0
227 0
228 0
229 0
230 0
231 0
232 0
233 0
234 0
235 0
236 0
237 0
238 0
239 0
240 0
241 0
242 0
243 0
244 0
245 0
246 0
247 0
248 0
249 0
250 0
251 0
252 0
253 0
254 0
255 0
256 0
257 0
258 0
259 0
260 0
261 0
262 0
263 0
264 0
265 0
266 0
267 0
268 0
269 0
270 0
271 0
272 0
273 0
274 0
275 0
276 0
277 0
278 0
279 0
280 0
281 0
282 0
283 0
284 0
285 0
286 0
287 0
288 0
289 0
290 0
291 0
292 0
293 0
294 0
295 0
296 0
297 0
298 0
299 0
300 0
301 0
302 0
303 0
304 0
305 0
306 0
307 0
308 0
309 0
310 0
311 0
312 0
313 0
314 0
315 0
316 0
317 0
318 0
319 0
320 0
321 0
322 0
323 0
324 0
325 0
326 0
327 0
328 0
329 0
330 0
331 0
332 0
333 0
334 0
335 0
336 0
337 0
338 0
339 0
340 0
341 0
342 0
343 0
344 0
345 0
346 0
347 0
348 0
349 0
350 0
351 0
352 0
353 0
354 0
355 0
356 0
357 0
358 0
359 0
360 0
361 0
362 0
363 0
364 0
365 0
366 0
367 0
368 0
369 0
370 0
371 0
372 0
373 0
374 0
375 0
376 0
377 0
378 0
379 0
380 0
381 0
382 0
383 0
384 0
385 0
386 0
387 0
388 0
389 0
390 0
391 0
392 0
393 0
394 0
395 0
396 0
397 0
398 0
399 0
400 0
401 0
402 0
403 0
404 0
405 0
406 0
407 0
408 0
409 0
410 0
411 0
412 0
413 0
414 0
415 0
416 0
417 0
418 0
419 0
420 0
421 0
422 1
423 1
424 1
425 1
426 1
427 1
428 1
429 1
430 1
431 1
432 1
433 1
434 1
435 1
436 1
437 1
438 1
439 1
440 1
441 1
442 1
443 1
444 1
445 1
446 1
447 1
448 1
449 1
450 1
451 1
452 1
453 1
454 1
455 1
456 1
457 1
458 1
459 1
460 1
461 1
462 1
463 1
464 1
465 1
466 1
467 1
468 1
469 1
470 1
471 1
472 1
473 1
474 2
475 2
476 2
477 2
478 2
479 2
480 2
481 2
482 2
483 2
484 2
485 2
486 2
487 2
488 2
489 2
490 2
491 2
492 2
493 2
494 2
495 2
496 2
497 2
498 2
499 2
500 2
501 2
502 2
503 2
504 2
505 2
506 2
507 2
508 2
509 2
510 2
511 2
512 2
513 2
514 2
515 2
516 2
517 2
518 2
519 2
520 2
521 2
522 3
523 3
524 3
525 3
526 3
527 3
528 3
529 3
530 3
531 3
532 3
533 3
534 3
535 3
536 3
537 3
538 3
539 3
540 3
541 3
542 3
543 3
544 3
545 3
546 3
547 3
548 3
549 3
550 3
551 3
552 3
553 3
554 3
555 3
556 3
557 3
558 3
559 3
560 3
561 3
562 3
563 3
564 3
565 3
566 3
567 3
568 3
569 3
570 4
571 4
572 4
573 4
574 4
575 4
576 4
577 4
578 4
579 4
580 4
581 4
582 4
583 4
584 4
585 4
586 4
587 4
588 4
589 4
590 4
591 4
592 4
593 4
594 4
595 4
596 4
597 4
598 4
599 4
600 4
601 4
602 4
603 4
604 5
605 5
606 5
607 5
608 5
609 5
610 5
611 5
612 5
613 5
614 5
615 5
616 5
617 5
618 5
619 5
620 5
621 5
622 5
623 5
624 5
625 5
626 5
627 5
628 5
629 5
630 5
631 5
632 5
633 5
634 5
635 5
636 5
637 5
638 6
639 6
640 6
641 6
642 6
643 6
644 6
645 6
646 6
647 6
648 6
649 6
650 6
651 6
652 6
653 6
654 6
655 6
656 6
657 6
658 6
659 6
660 6
661 6
662 7
663 7
664 7
665 7
666 7
667 7
668 7
669 7
670 7
671 7
672 7
673 7
674 7
675 7
676 7
677 7
678 7
679 7
680 7
681 7
682 7
683 7
684 7
685 8
686 8
687 8
688 8
689 8
690 8
691 8
692 8
693 8
694 8
695 8
696 8
697 8
698 8
699 8
700 8
701 9
702 9
703 9
704 9
705 9
706 9
707 9
708 9
709 9
710 9
711 9
712 9
713 9
714 9
715 9
716 9
717 9
718 9
719 9
720 9
721 9
722 9
723 9
724 10
725 10
726 10
727 10
728 10
729 10
730 10
731 10
732 10
733 10
734 10
735 10
736 10
737 10
738 10
739 10
740 11
741 11
742 11
743 11
744 11
745 11
746 11
747 11
748 11
749 11
750 11
751 11
752 11
753 11
754 11
755 11
756 11
757 11
758 11
759 11
760 12
761 12
762 12
763 12
764 12
765 12
766 12
767 12
768 12
769 12
770 12
771 12
772 12
773 12
774 12
775 12
776 12
777 12
778 12
779 12
780 12
781 13
782 13
783 13
784 13
785 13
786 13
787 13
788 13
789 13
790 13
791 13
792 13
793 13
794 13
795 13
796 14
797 14
798 14
799 14
800 14
801 14
802 14
803 14
804 14
805 14
806 15
807 15
808 15
809 15
810 15
811 15
812 15
813 15
814 15
815 15
816 15
817 15
818 15
819 16
820 16
821 16
822 16
823 16
824 16
825 16
826 16
827 16
828 16
829 16
830 16
831 16
832 16
833 16
834 17
835 17
836 17
837 17
838 17
839 17
840 17
841 17
842 17
843 17
844 17
845 17
846 17
847 17
848 17
849 18
850 18
851 18
852 18
853 18
854 18
855 18
856 18
857 18
858 18
859 18
860 19
861 19
862 19
863 19
864 19
865 19
866 19
867 19
868 19
869 19
870 20
871 20
872 20
873 20
874 20
875 20
876 20
877 20
878 20
879 20
880 20
881 21
882 21
883 21
884 21
885 21
886 21
887 21
888 21
889 21
890 21
891 21
892 22
893 22
894 22
895 22
896 22
897 22
898 22
899 22
900 22
901 22
902 22
903 22
904 22
905 22
906 22
907 23
908 23
909 23
910 23
911 23
912 23
913 23
914 23
915 24
916 24
917 24
918 24
919 24
920 24
921 24
922 24
923 24
924 24
925 25
926 25
927 25
928 25
929 25
930 25
931 25
932 25
933 25
934 25
935 26
936 26
937 26
938 26
939 26
940 26
941 26
942 26
943 26
944 26
945 26
946 26
947 27
948 27
949 27
950 27
951 27
952 27
953 27
954 27
955 27
956 27
957 27
958 28
959 28
960 28
961 28
962 28
963 28
964 28
965 28
966 29
967 29
968 29
969 29
970 29
971 29
972 29
973 29
974 29
975 29
976 30
977 30
978 30
979 30
980 30
981 30
982 30
983 31
984 31
985 31
986 31
987 31
988 31
989 31
990 31
991 31
992 31
993 32
994 32
995 32
996 32
997 32
998 32
999 32
1000 32
1001 32
1002 32
1003 32
1004 33
1005 33
1006 33
1007 33
1008 33
1009 33
1010 33
1011 33
1012 33
1013 33
1014 33
1015 33
1016 34
1017 34
1018 34
1019 34
1020 34
1021 34
1022 34
1023 34
1024 34
1025 35
1026 35
1027 35
1028 35
1029 35
1030 35
1031 35
1032 35
1033 35
1034 35
1035 35
1036 35
1037 36
1038 36
1039 36
1040 36
1041 36
1042 36
1043 36
1044 36
1045 36
1046 36
1047 37
1048 37
1049 37
1050 37
1051 37
1052 37
1053 37
1054 37
1055 37
1056 37
1057 37
1058 37
1059 38
1060 38
1061 38
1062 38
1063 38
1064 38
1065 38
1066 38
1067 38
1068 39
1069 39
1070 39
1071 39
1072 39
1073 39
1074 39
1075 40
1076 40
1077 40
1078 40
1079 40
1080 40
1081 40
1082 40
1083 41
1084 41
1085 41
1086 41
1087 41
1088 41
1089 41
1090 41
1091 41
1092 41
1093 41
1094 42
1095 42
1096 42
1097 42
1098 42
1099 42
1100 42
1101 42
1102 42
1103 42
1104 42
1105 43
1106 43
1107 43
1108 43
1109 43
1110 43
1111 44
1112 44
1113 44
1114 44
1115 44
1116 44
1117 44
1118 44
1119 45
1120 45
1121 45
1122 45
1123 45
1124 45
1125 46
1126 46
1127 46
1128 46
1129 46
1130 46
1131 46
1132 46
1133 47
1134 47
1135 47
1136 47
1137 47
1138 47
1139 47
1140 47
1141 48
1142 48
1143 48
1144 48
1145 48
1146 48
1147 48
1148 49
1149 49
1150 49
1151 49
1152 49
1153 49
1154 49
1155 49
1156 50
1157 50
1158 50
1159 50
1160 50
1161 50
1162 50
1163 50
1164 50
1165 51
1166 51
1167 51
1168 51
1169 51
1170 51
1171 51
1172 51
1173 52
1174 52
1175 52
1176 52
1177 52
1178 52
1179 52
1180 52
1181 53
1182 53
1183 53
1184 53
1185 53
1186 53
1187 53
1188 53
1189 53
1190 53
1191 53
1192 54
1193 54
1194 54
1195 54
1196 54
1197 54
1198 54
1199 54
1200 54
1201 55
1202 55
1203 55
1204 55
1205 55
1206 55
1207 56
1208 56
1209 56
1210 56
1211 56
1212 56
1213 56
1214 56
1215 56
1216 57
1217 57
1218 57
1219 57
1220 57
1221 57
1222 57
1223 58
1224 58
1225 58
1226 58
1227 58
1228 59
1229 59
1230 59
1231 59
1232 59
1233 59
1234 59
1235 60
1236 60
1237 60
1238 60
1239 60
1240 60
1241 60
1242 60
1243 60
1244 60
1245 60
1246 60
1247 61
1248 61
1249 61
1250 61
1251 61
1252 61
1253 61
1254 61
1255 62
1256 62
1257 62
1258 62
1259 62
1260 62
1261 63
1262 63
1263 63
1264 63
1265 63
1266 63
1267 63
1268 63
1269 63
1270 64
1271 64
1272 64
1273 64
1274 64
1275 64
1276 64
1277 64
1278 64
1279 65
1280 65
1281 65
1282 65
1283 65
1284 65
1285 65
1286 66
1287 66
1288 66
1289 66
1290 66
1291 66
1292 66
1293 67
1294 67
1295 67
1296 67
1297 67
1298 67
1299 67
1300 68
1301 68
1302 68
1303 68
1304 68
1305 68
1306 68
1307 68
1308 68
1309 69
1310 69
1311 69
1312 69
1313 69
1314 70
1315 70
1316 70
1317 70
1318 70
1319 70
1320 70
1321 71
1322 71
1323 71
1324 71
1325 71
1326 71
1327 71
1328 72
1329 72
1330 72
1331 72
1332 72
1333 72
1334 72
1335 73
1336 73
1337 73
1338 73
1339 73
1340 73
1341 73
1342 73
1343 74
1344 74
1345 74
1346 74
1347 74
1348 75
1349 75
1350 75
1351 75
1352 75
1353 75
1354 76
1355 76
1356 76
1357 76
1358 76
1359 76
1360 76
1361 77
1362 77
1363 77
1364 77
1365 77
1366 77
1367 77
1368 77
1369 77
1370 78
1371 78
1372 78
1373 78
1374 78
1375 78
1376 78
1377 78
1378 78
1379 79
1380 79
1381 79
1382 79
1383 79
1384 79
1385 79
1386 80
1387 80
1388 80
1389 80
1390 80
1391 80
1392 80
1393 80
1394 80
1395 81
1396 81
1397 81
1398 81
1399 81
1400 81
1401 82
1402 82
1403 82
1404 82
1405 82
1406 82
1407 83
1408 83
1409 83
1410 83
1411 83
1412 83
1413 83
1414 83
1415 84
1416 84
1417 84
1418 84
1419 84
1420 85
1421 85
1422 85
1423 85
1424 85
1425 85
1426 85
1427 86
1428 86
1429 86
1430 86
1431 86
1432 86
1433 86
1434 87
1435 87
1436 87
1437 87
1438 87
1439 87
1440 88
1441 88
1442 88
1443 88
1444 88
1445 88
1446 88
1447 89
1448 89
1449 89
1450 89
1451 89
1452 89
1453 89
1454 89
1455 90
1456 90
1457 90
1458 90
1459 91
1460 91
1461 91
1462 91
1463 91
1464 91
1465 91
1466 92
1467 92
1468 92
1469 92
1470 92
1471 92
1472 93
1473 93
1474 93
1475 93
1476 93
1477 93
1478 94
1479 94
1480 94
1481 94
1482 94
1483 94
1484 95
1485 95
1486 95
1487 95
1488 95
1489 95
1490 95
1491 96
1492 96
1493 96
1494 96
1495 96
1496 96
1497 97
1498 97
1499 97
1500 97
1501 97
1502 97
1503 98
1504 98
1505 98
1506 98
1507 98
1508 98
1509 98
1510 99
1511 99
1512 99
1513 99
1514 99
1515 99
1516 99
1517 100
1518 100
1519 100
1520 100
1521 100
1522 100
1523 100
1524 101
1525 101
1526 101
1527 101
1528 101
1529 101
1530 101
1531 102
1532 102
1533 102
1534 102
1535 102
1536 102
1537 103
1538 103
1539 103
1540 103
1541 103
1542 103
1543 104
1544 104
1545 104
1546 104
1547 104
1548 104
1549 104
1550 105
1551 105
1552 105
1553 105
1554 105
1555 106
1556 106
1557 106
1558 106
1559 106
1560 106
1561 106
1562 107
1563 107
1564 107
1565 107
1566 107
1567 107
1568 108
1569 108
1570 108
1571 108
1572 108
1573 108
1574 109
1575 109
1576 109
1577 109
1578 109
1579 109
1580 110
1581 110
1582 110
1583 110
1584 110
1585 110
1586 110
1587 111
1588 111
1589 111
1590 111
1591 111
1592 112
1593 112
1594 112
1595 112
1596 112
1597 113
1598 113
1599 113
1600 113
1601 113
1602 113
1603 114
1604 114
1605 114
1606 114
1607 114
1608 114
1609 114
1610 115
1611 115
1612 115
1613 115
1614 115
1615 115
1616 116
1617 116
1618 116
1619 116
1620 116
1621 116
1622 117
1623 117
1624 117
1625 117
1626 118
1627 118
1628 118
1629 118
1630 118
1631 118
1632 118
1633 118
1634 119
1635 119
1636 119
1637 119
1638 119
1639 119
1640 119
1641 120
1642 120
1643 120
1644 120
1645 120
1646 120
1647 120
1648 120
1649 121
1650 121
1651 121
1652 121
1653 121
1654 122
1655 122
1656 122
1657 122
1658 122
1659 122
1660 122
1661 122
1662 123
1663 123
1664 123
1665 123
1666 124
1667 124
1668 124
1669 124
1670 124
1671 124
1672 125
1673 125
1674 125
1675 125
1676 125
1677 126
1678 126
1679 126
1680 126
1681 126
1682 126
1683 127
1684 127
1685 127
1686 127
1687 127
1688 128
1689 128
1690 128
1691 128
1692 128
1693 128
1694 128
1695 129
1696 129
1697 129
1698 129
1699 129
1700 129
1701 129
1702 130
1703 130
1704 130
1705 130
1706 130
1707 131
1708 131
1709 131
1710 131
1711 131
1712 131
1713 132
1714 132
1715 132
1716 132
1717 132
1718 132
1719 133
1720 133
1721 133
1722 133
1723 133
1724 134
1725 134
1726 134
1727 134
1728 134
1729 134
1730 134
1731 135
1732 135
1733 135
1734 135
1735 135
1736 136
1737 136
1738 136
1739 136
1740 136
1741 136
1742 137
1743 137
1744 137
1745 137
1746 137
1747 138
1748 138
1749 138
1750 138
1751 138
1752 138
1753 139
1754 139
1755 139
1756 139
1757 139
1758 139
1759 139
1760 140
1761 140
1762 140
1763 140
1764 140
1765 140
1766 141
1767 141
1768 141
1769 141
1770 141
1771 141
1772 141
1773 142
1774 142
1775 142
1776 142
1777 142
1778 142
1779 143
1780 143
1781 143
1782 143
1783 143
1784 143
1785 144
1786 144
1787 144
1788 144
1789 144
1790 144
1791 144
1792 145
1793 145
1794 145
1795 145
1796 145
1797 145
1798 145
1799 146
1800 146
1801 146
1802 146
1803 146
1804 146
1805 147
1806 147
1807 147
1808 147
1809 147
1810 148
1811 148
1812 148
1813 148
1814 148
1815 148
1816 148
1817 149
1818 149
1819 149
1820 149
1821 149
1822 150
1823 150
1824 150
1825 150
1826 150
1827 151
1828 151
1829 151
1830 151
1831 151
1832 152
1833 152
1834 152
1835 152
1836 153
1837 153
1838 153
1839 153
1840 153
1841 154
1842 154
1843 154
1844 154
1845 154
1846 154
1847 154
1848 155
1849 155
1850 155
1851 155
1852 155
1853 155
1854 155
1855 156
1856 156
1857 156
1858 156
1859 156
1860 156
1861 157
1862 157
1863 157
1864 157
1865 157
1866 158
1867 158
1868 158
1869 158
1870 158
1871 159
1872 159
1873 159
1874 159
1875 159
1876 159
1877 160
1878 160
1879 160
1880 160
1881 160
1882 160
1883 161
1884 161
1885 161
1886 161
1887 161
1888 161
1889 161
1890 161
1891 161
1892 162
1893 162
1894 162
1895 162
1896 162
1897 163
1898 163
1899 163
1900 163
1901 163
1902 163
1903 163
1904 164
1905 164
1906 164
1907 164
1908 164
1909 164
1910 164
1911 164
1912 165
1913 165
1914 165
1915 165
1916 165
1917 166
1918 166
1919 166
1920 167
1921 167
1922 167
1923 167
1924 168
1925 168
1926 168
1927 168
1928 168
1929 168
1930 169
1931 169
1932 169
1933 169
1934 169
1935 170
1936 170
1937 170
1938 170
1939 170
1940 170
1941 170
1942 171
1943 171
1944 171
1945 171
1946 171
1947 172
1948 172
1949 172
1950 172
1951 173
1952 173
1953 173
1954 173
1955 173
1956 173
1957 174
1958 174
1959 174
1960 174
1961 174
1962 174
1963 174
1964 175
1965 175
1966 175
1967 175
1968 175
1969 176
1970 176
1971 176
1972 176
1973 176
1974 176
1975 176
1976 177
1977 177
1978 177
1979 177
1980 177
1981 177
1982 177
1983 178
1984 178
1985 178
1986 178
1987 178
1988 179
1989 179
1990 179
1991 179
1992 179
1993 179
1994 179
1995 180
1996 180
1997 180
1998 180
1999 180
2000 180
2001 181
2002 181
2003 181
2004 181
2005 181
2006 182
2007 182
2008 182
2009 182
2010 182
2011 182
2012 182
2013 183
2014 183
2015 183
2016 183
2017 183
2018 183
2019 184
2020 184
2021 184
2022 184
2023 184
2024 185
2025 185
2026 185
2027 185
2028 186
2029 186
2030 186
2031 186
2032 186
2033 186
2034 187
2035 187
2036 187
2037 187
2038 187
2039 187
2040 187
2041 188
2042 188
2043 188
2044 188
2045 188
2046 188
2047 189
2048 189
2049 189
2050 189
2051 189
2052 189
2053 189
2054 190
2055 190
2056 190
2057 190
2058 190
2059 190
2060 190
2061 191
2062 191
2063 191
2064 191
2065 191
2066 192
2067 192
2068 192
2069 192
2070 192
2071 192
2072 192
2073 193
2074 193
2075 193
2076 193
2077 194
2078 194
2079 194
2080 194
2081 194
2082 195
2083 195
2084 195
2085 195
2086 195
2087 195
2088 195
2089 196
2090 196
2091 196
2092 196
2093 196
2094 196
2095 197
2096 197
2097 197
2098 197
2099 197
2100 198
2101 198
2102 198
2103 198
2104 198
2105 198
2106 199
2107 199
2108 199
2109 199
2110 199
2111 200
2112 200
2113 200
2114 200
2115 200
2116 200
2117 201
2118 201
2119 201
2120 201
2121 201
2122 201
2123 202
2124 202
2125 202
2126 202
2127 202
2128 202
2129 203
2130 203
2131 203
2132 203
2133 203
2134 203
2135 204
2136 204
2137 204
2138 204
2139 205
2140 205
2141 205
2142 205
2143 205
2144 206
2145 206
2146 206
2147 206
2148 206
2149 207
2150 207
2151 207
2152 207
2153 207
2154 207
2155 208
2156 208
2157 208
2158 208
2159 209
2160 209
2161 209
2162 209
2163 210
2164 210
2165 210
2166 210
2167 210
2168 211
2169 211
2170 211
2171 211
2172 211
2173 212
2174 212
2175 212
2176 212
2177 213
2178 213
2179 213
2180 213
2181 213
2182 214
2183 214
2184 214
2185 214
2186 215
2187 215
2188 215
2189 215
2190 215
2191 215
2192 215
2193 216
2194 216
2195 216
2196 216
2197 216
2198 216
2199 217
2200 217
2201 217
2202 217
2203 218
2204 218
2205 218
2206 218
2207 218
2208 219
2209 219
2210 219
2211 219
2212 219
2213 220
2214 220
2215 220
2216 220
2217 220
2218 220
2219 221
2220 221
2221 221
2222 221
2223 221
2224 222
2225 222
2226 222
2227 222
2228 222
2229 223
2230 223
2231 223
2232 223
2233 223
2234 224
2235 224
2236 224
2237 224
2238 224
2239 225
2240 225
2241 225
2242 225
2243 225
2244 225
2245 225
2246 225
2247 225
2248 226
2249 226
2250 226
2251 226
2252 226
2253 227
2254 227
2255 227
2256 227
2257 227
2258 228
2259 228
2260 228
2261 228
2262 228
2263 228
2264 228
2265 228
2266 229
2267 229
2268 229
2269 230
2270 230
2271 230
2272 230
2273 231
2274 231
2275 231
2276 231
2277 231
2278 231
2279 231
2280 232
2281 232
2282 232
2283 232
2284 232
2285 233
2286 233
2287 233
2288 233
2289 233
2290 233
2291 234
2292 234
2293 234
2294 234
2295 234
2296 235
2297 235
2298 235
2299 235
2300 235
2301 235
2302 235
2303 236
2304 236
2305 236
2306 236
2307 236
2308 237
2309 237
2310 237
2311 237
2312 237
2313 237
2314 237
2315 238
2316 238
2317 238
2318 238
2319 239
2320 239
2321 239
2322 239
2323 239
2324 240
2325 240
2326 240
2327 240
2328 240
2329 240
2330 240
2331 241
2332 241
2333 241
2334 241
2335 241
2336 242
2337 242
2338 242
2339 242
2340 242
2341 243
2342 243
2343 243
2344 243
2345 243
2346 243
2347 244
2348 244
2349 244
2350 244
2351 245
2352 245
2353 245
2354 245
2355 245
2356 245
2357 246
2358 246
2359 246
2360 246
2361 246
2362 246
2363 246
2364 246
2365 247
2366 247
2367 247
2368 247
2369 247
2370 247
2371 248
2372 248
2373 248
2374 248
2375 248
2376 249
2377 249
2378 249
2379 249
2380 249
2381 250
2382 250
2383 250
2384 250
2385 250
2386 250
2387 250
2388 251
2389 251
2390 251
2391 251
2392 251
2393 252
2394 252
2395 252
2396 252
2397 253
2398 253
2399 253
2400 253
2401 253
2402 254
2403 254
2404 254
2405 254
2406 254
2407 254
2408 255
2409 255
2410 255
2411 255
2412 256
2413 256
2414 256
2415 256
2416 256
2417 257
2418 257
2419 257
2420 257
2421 258
2422 258
2423 258
2424 258
2425 258
2426 258
2427 258
2428 259
2429 259
2430 259
2431 259
2432 259
2433 260
2434 260
2435 260
2436 260
2437 261
2438 261
2439 261
2440 261
2441 262
2442 262
2443 262
2444 262
2445 262
2446 263
2447 263
2448 263
2449 263
2450 263
2451 264
2452 264
2453 264
2454 264
2455 264
2456 264
2457 265
2458 265
2459 265
2460 265
2461 266
2462 266
2463 266
2464 266
2465 266
2466 266
2467 267
2468 267
2469 267
2470 267
2471 267
2472 268
2473 268
2474 268
2475 268
2476 269
2477 269
2478 269
2479 269
2480 269
2481 269
2482 270
2483 270
2484 270
2485 270
2486 271
2487 271
2488 271
2489 271
2490 271
2491 271
2492 272
2493 272
2494 272
2495 272
2496 272
2497 272
2498 272
2499 273
2500 273
2501 273
2502 273
2503 273
2504 274
2505 274
2506 274
2507 274
2508 274
2509 275
2510 275
2511 275
2512 275
2513 276
2514 276
2515 276
2516 276
2517 276
2518 276
2519 276
2520 277
2521 277
2522 277
2523 277
2524 277
2525 278
2526 278
2527 278
2528 278
2529 279
2530 279
2531 279
2532 279
2533 279
2534 279
2535 279
2536 280
2537 280
2538 280
2539 280
2540 281
2541 281
2542 281
2543 281
2544 281
2545 281
2546 281
2547 282
2548 282
2549 282
2550 282
2551 282
2552 283
2553 283
2554 283
2555 283
2556 283
2557 283
2558 284
2559 284
2560 284
2561 284
2562 285
2563 285
2564 285
2565 285
2566 285
2567 286
2568 286
2569 286
2570 286
2571 286
2572 286
2573 287
2574 287
2575 287
2576 287
2577 287
2578 288
2579 288
2580 288
2581 288
2582 288
2583 288
2584 289
2585 289
2586 289
2587 289
2588 289
2589 289
2590 290
2591 290
2592 290
2593 291
2594 291
2595 291
2596 291
2597 291
2598 292
2599 292
2600 292
2601 292
2602 292
2603 293
2604 293
2605 293
2606 293
2607 293
2608 293
2609 294
2610 294
2611 294
2612 294
2613 294
2614 295
2615 295
2616 295
2617 295
2618 295
2619 296
2620 296
2621 296
2622 296
2623 296
2624 297
2625 297
2626 297
2627 297
2628 298
2629 298
2630 298
2631 299
2632 299
2633 299
2634 299
2635 299
2636 300
2637 300
2638 300
2639 300
2640 300
2641 300
2642 301
2643 301
2644 301
2645 301
2646 302
2647 302
2648 302
2649 302
2650 302
2651 302
2652 303
2653 303
2654 303
2655 304
2656 304
2657 304
2658 304
2659 304
2660 305
2661 305
2662 305
2663 305
2664 305
2665 305
2666 305
2667 306
2668 306
2669 306
2670 306
2671 307
2672 307
2673 307
2674 307
2675 307
2676 308
2677 308
2678 308
2679 308
2680 308
2681 309
2682 309
2683 309
2684 309
2685 310
2686 310
2687 310
2688 310
2689 310
2690 311
2691 311
2692 311
2693 311
2694 311
2695 311
2696 312
2697 312
2698 312
2699 312
2700 312
2701 313
2702 313
2703 313
2704 313
2705 313
2706 313
2707 314
2708 314
2709 314
2710 314
2711 314
2712 314
2713 315
2714 315
2715 315
2716 315
2717 315
2718 316
2719 316
2720 316
2721 316
2722 317
2723 317
2724 317
2725 317
2726 317
2727 318
2728 318
2729 318
2730 318
2731 319
2732 319
2733 319
2734 319
2735 319
2736 319
2737 320
2738 320
2739 320
2740 320
2741 321
2742 321
2743 321
2744 321
2745 321
2746 322
2747 322
2748 322
2749 322
2750 322
2751 323
2752 323
2753 323
2754 323
2755 323
2756 324
2757 324
2758 324
2759 324
2760 324
2761 325
2762 325
2763 325
2764 325
2765 326
2766 326
2767 326
2768 326
2769 326
2770 326
2771 326
2772 327
2773 327
2774 327
2775 327
2776 327
2777 328
2778 328
2779 328
2780 328
2781 328
2782 329
2783 329
2784 329
2785 329
2786 329
2787 329
2788 330
2789 330
2790 330
2791 330
2792 330
2793 331
2794 331
2795 331
2796 331
2797 331
2798 332
2799 332
2800 332
2801 332
2802 332
2803 333
2804 333
2805 333
2806 333
2807 333
2808 334
2809 334
2810 334
2811 334
2812 335
2813 335
2814 335
2815 335
2816 335
2817 336
2818 336
2819 336
2820 336
2821 336
2822 337
2823 337
2824 337
2825 337
2826 337
2827 337
2828 337
2829 338
2830 338
2831 338
2832 338
2833 338
2834 338
2835 339
2836 339
2837 339
2838 339
2839 339
2840 339
2841 340
2842 340
2843 340
2844 340
2845 340
2846 341
2847 341
2848 341
2849 341
2850 341
2851 341
2852 342
2853 342
2854 342
2855 342
2856 343
2857 343
2858 343
2859 343
2860 343
2861 343
2862 344
2863 344
2864 344
2865 344
2866 344
2867 345
2868 345
2869 345
2870 345
2871 346
2872 346
2873 346
2874 346
2875 346
2876 347
2877 347
2878 347
2879 347
2880 347
2881 347
2882 347
2883 348
2884 348
2885 348
2886 348
2887 348
2888 349
2889 349
2890 349
2891 349
2892 349
2893 350
2894 350
2895 350
2896 350
2897 351
2898 351
2899 351
2900 352
2901 352
2902 352
2903 352
2904 352
2905 353
2906 353
2907 353
2908 353
2909 353
2910 354
2911 354
2912 354
2913 354
2914 354
2915 354
2916 355
2917 355
2918 355
2919 355
2920 355
2921 356
2922 356
2923 356
2924 356
2925 357
2926 357
2927 357
2928 357
2929 357
2930 357
2931 358
2932 358
2933 358
2934 358
2935 358
2936 359
2937 359
2938 359
2939 359
2940 359
2941 360
2942 360
2943 360
2944 360
2945 360
2946 360
2947 360
2948 361
2949 361
2950 361
2951 361
2952 362
2953 362
2954 362
2955 362
2956 362
2957 363
2958 363
2959 363
2960 363
2961 364
2962 364
2963 364
2964 364
2965 364
2966 365
2967 365
2968 365
2969 365
2970 365
2971 365
2972 366
2973 366
2974 366
2975 366
2976 367
2977 367
2978 367
2979 368
2980 368
2981 368
2982 368
2983 368
2984 368
2985 369
2986 369
2987 369
2988 369
2989 369
2990 369
2991 370
2992 370
2993 370
2994 370
2995 371
2996 371
2997 371
2998 371
2999 371
3000 372
3001 372
3002 372
3003 372
3004 372
3005 372
3006 373
3007 373
3008 373
3009 373
3010 374
3011 374
3012 374
3013 374
3014 374
3015 375
3016 375
3017 375
3018 375
3019 376
3020 376
3021 376
3022 376
3023 376
3024 376
3025 376
3026 377
3027 377
3028 377
3029 377
3030 377
3031 378
3032 378
3033 378
3034 378
3035 378
3036 379
3037 379
3038 379
3039 379
3040 380
3041 380
3042 380
3043 380
3044 380
3045 380
3046 380
3047 381
3048 381
3049 381
3050 381
3051 381
3052 382
3053 382
3054 382
3055 382
3056 383
3057 383
3058 383
3059 383
3060 383
3061 384
3062 384
3063 384
3064 384
3065 384
3066 385
3067 385
3068 385
3069 385
3070 385
3071 386
3072 386
3073 386
3074 386
3075 386
3076 387
3077 387
3078 387
3079 387
3080 387
3081 388
3082 388
3083 388
3084 388
3085 389
3086 389
3087 389
3088 389
3089 390
3090 390
3091 390
3092 390
3093 390
3094 391
3095 391
3096 391
3097 391
3098 392
3099 392
3100 392
3101 392
3102 393
3103 393
3104 393
3105 393
3106 393
3107 393
3108 394
3109 394
3110 394
3111 394
3112 395
3113 395
3114 395
3115 395
3116 395
3117 396
3118 396
3119 396
3120 396
3121 396
3122 397
3123 397
3124 397
3125 397
3126 397
3127 398
3128 398
3129 398
3130 398
3131 399
3132 399
3133 399
3134 399
3135 400
3136 400
3137 400
3138 400
3139 400
3140 400
3141 401
3142 401
3143 401
3144 401
3145 401
3146 402
3147 402
3148 402
3149 402
3150 402
3151 402
3152 403
3153 403
3154 403
3155 403
3156 403
3157 404
3158 404
3159 404
3160 404
3161 404
3162 405
3163 405
3164 405
3165 405
3166 405
3167 405
3168 406
3169 406
3170 406
3171 406
3172 406
3173 407
3174 407
3175 407
3176 407
3177 408
3178 408
3179 408
3180 408
3181 409
3182 409
3183 409
3184 409
3185 409
3186 409
3187 410
3188 410
3189 410
3190 410
3191 411
3192 411
3193 411
3194 411
3195 411
3196 412
3197 412
3198 412
3199 412
3200 413
3201 413
3202 413
3203 413
3204 413
3205 413
3206 414
3207 414
3208 414
3209 414
3210 415
3211 415
3212 415
3213 415
3214 415
3215 416
3216 416
3217 416
3218 416
3219 417
3220 417
3221 417
3222 417
3223 417
3224 418
3225 418
3226 418
3227 418
3228 419
3229 419
3230 419
3231 419
3232 419
3233 420
3234 420
3235 420
3236 420
3237 421
3238 421
3239 421
3240 421
3241 421
3242 421
3243 421
3244 422
3245 422
3246 422
3247 422
3248 422
3249 423
3250 423
3251 423
3252 423
3253 423
3254 423
3255 424
3256 424
3257 424
3258 424
3259 425
3260 425
3261 425
3262 425
3263 426
3264 426
3265 426
3266 426
3267 427
3268 427
3269 427
3270 427
3271 428
3272 428
3273 428
3274 428
3275 429
3276 429
3277 429
3278 429
3279 430
3280 430
3281 430
3282 430
3283 430
3284 431
3285 431
3286 431
3287 431
3288 432
3289 432
3290 432
3291 432
3292 433
3293 433
3294 433
3295 433
3296 433
3297 434
3298 434
3299 434
3300 434
3301 434
3302 435
3303 435
3304 435
3305 435
3306 435
3307 436
3308 436
3309 436
3310 436
3311 437
3312 437
3313 437
3314 437
3315 438
3316 438
3317 438
3318 438
3319 438
3320 439
3321 439
3322 439
3323 439
3324 439
3325 439
3326 440
3327 440
3328 440
3329 440
3330 440
3331 441
3332 441
3333 441
3334 441
3335 441
3336 442
3337 442
3338 442
3339 442
3340 442
3341 442
3342 442
3343 443
3344 443
3345 443
3346 443
3347 444
3348 444
3349 444
3350 444
3351 444
3352 445
3353 445
3354 445
3355 445
3356 445
3357 445
3358 446
3359 446
3360 446
3361 446
3362 446
3363 447
3364 447
3365 447
3366 447
3367 448
3368 448
3369 448
3370 448
3371 448
3372 449
3373 449
3374 449
3375 449
3376 449
3377 450
3378 450
3379 450
3380 450
3381 450
3382 451
3383 451
3384 451
3385 451
3386 451
3387 452
3388 452
3389 452
3390 452
3391 453
3392 453
3393 453
3394 453
3395 454
3396 454
3397 454
3398 454
3399 454
3400 454
3401 455
3402 455
3403 455
3404 455
3405 455
3406 455
3407 456
3408 456
3409 456
3410 456
3411 456
3412 457
3413 457
3414 457
3415 457
3416 457
3417 457
3418 458
3419 458
3420 458
3421 458
3422 458
3423 459
3424 459
3425 459
3426 459
3427 460
3428 460
3429 460
3430 460
3431 460
3432 461
3433 461
3434 461
3435 461
3436 462
3437 462
3438 462
3439 462
3440 462
3441 462
3442 463
3443 463
3444 463
3445 463
3446 464
3447 464
3448 464
3449 464
3450 464
3451 464
3452 465
3453 465
3454 465
3455 465
3456 466
3457 466
3458 466
3459 466
3460 467
3461 467
3462 467
3463 467
3464 467
3465 468
3466 468
3467 468
3468 468
3469 468
3470 468
3471 469
3472 469
3473 469
3474 469
3475 470
3476 470
3477 470
3478 470
3479 470
3480 470
3481 471
3482 471
3483 471
3484 472
3485 472
3486 472
3487 472
3488 473
3489 473
3490 473
3491 473
3492 473
3493 474
3494 474
3495 474
3496 474
3497 475
3498 475
3499 475
3500 475
3501 475
3502 476
3503 476
3504 476
3505 476
3506 476
3507 477
3508 477
3509 477
3510 477
3511 478
3512 478
3513 478
3514 479
3515 479
3516 479
3517 479
3518 479
3519 479
3520 479
3521 480
3522 480
3523 480
3524 480
3525 480
3526 481
3527 481
3528 481
3529 481
3530 482
3531 482
3532 482
3533 482
3534 482
3535 483
3536 483
3537 483
3538 483
3539 483
3540 483
3541 483
3542 484
3543 484
3544 484
3545 484
3546 484
3547 485
3548 485
3549 485
3550 485
3551 486
3552 486
3553 486
3554 486
3555 487
3556 487
3557 487
3558 487
3559 487
3560 488
3561 488
3562 488
3563 488
3564 488
3565 488
3566 488
3567 489
3568 489
3569 489
3570 489
3571 489
3572 489
3573 490
3574 490
3575 490
3576 490
3577 490
3578 491
3579 491
3580 491
3581 491
3582 492
3583 492
3584 492
3585 492
3586 492
3587 493
3588 493
3589 493
3590 493
3591 494
3592 494
3593 494
3594 494
3595 494
3596 495
3597 495
3598 495
3599 495
3600 496
3601 496
3602 496
3603 496
3604 496
3605 497
3606 497
3607 497
3608 498
3609 498
3610 498
3611 498
3612 499
3613 499
3614 499
3615 499
3616 499
3617 500
3618 500
3619 500
3620 500
3621 500
3622 500
3623 501
3624 501
3625 501
3626 501
3627 501
3628 502
3629 502
3630 502
3631 502
3632 502
3633 503
3634 503
3635 503
3636 503
3637 504
3638 504
3639 504
3640 504
3641 505
3642 505
3643 505
3644 505
3645 505
3646 505
3647 506
3648 506
3649 506
3650 506
3651 507
3652 507
3653 507
3654 507
3655 507
3656 508
3657 508
3658 508
3659 508
3660 508
3661 508
3662 509
3663 509
3664 509
3665 509
3666 509
3667 510
3668 510
3669 510
3670 510
3671 510
3672 511
3673 511
3674 511
3675 511
3676 511
3677 512
3678 512
3679 512
3680 512
3681 512
3682 513
3683 513
3684 513
3685 513
3686 513
3687 514
3688 514
3689 514
3690 514
3691 515
3692 515
3693 515
3694 515
3695 516
3696 516
3697 516
3698 516
3699 517
3700 517
3701 517
3702 517
3703 517
3704 518
3705 518
3706 518
3707 518
3708 519
3709 519
3710 519
3711 519
3712 519
3713 520
3714 520
3715 520
3716 520
3717 521
3718 521
3719 521
3720 521
3721 521
3722 522
3723 522
3724 522
3725 522
3726 523
3727 523
3728 523
3729 524
3730 524
3731 524
3732 524
3733 524
3734 525
3735 525
3736 525
3737 525
3738 525
3739 526
3740 526
3741 526
3742 526
3743 526
3744 527
3745 527
3746 527
3747 527
3748 528
3749 528
3750 528
3751 528
3752 529
3753 529
3754 529
3755 529
3756 529
3757 530
3758 530
3759 530
3760 530
3761 530
3762 531
3763 531
3764 531
3765 531
3766 532
3767 532
3768 532
3769 532
3770 532
3771 533
3772 533
3773 533
3774 533
3775 534
3776 534
3777 534
3778 534
3779 534
3780 535
3781 535
3782 535
3783 535
3784 535
3785 535
3786 535
3787 536
3788 536
3789 536
3790 536
3791 537
3792 537
3793 537
3794 537
3795 538
3796 538
3797 538
3798 538
3799 538
3800 539
3801 539
3802 539
3803 539
3804 539
3805 540
3806 540
3807 540
3808 540
3809 541
3810 541
3811 541
3812 541
3813 541
3814 542
3815 542
3816 542
3817 542
3818 542
3819 543
3820 543
3821 543
3822 544
3823 544
3824 544
3825 544
3826 544
3827 545
3828 545
3829 545
3830 545
3831 545
3832 545
3833 545
3834 545
3835 546
3836 546
3837 546
3838 546
3839 547
3840 547
3841 547
3842 547
3843 547
3844 547
3845 548
3846 548
3847 548
3848 548
3849 549
3850 549
3851 549
3852 549
3853 549
3854 550
3855 550
3856 550
3857 550
3858 550
3859 551
3860 551
3861 551
3862 551
3863 552
3864 552
3865 552
3866 552
3867 552
3868 552
3869 553
3870 553
3871 553
3872 553
3873 554
3874 554
3875 554
3876 554
3877 554
3878 554
3879 555
3880 555
3881 555
3882 555
3883 556
3884 556
3885 556
3886 556
3887 556
3888 557
3889 557
3890 557
3891 558
3892 558
3893 558
3894 558
3895 558
3896 559
3897 559
3898 559
3899 559
3900 559
3901 559
3902 560
3903 560
3904 560
3905 560
3906 560
3907 560
3908 561
3909 561
3910 561
3911 561
3912 561
3913 562
3914 562
3915 562
3916 562
3917 563
3918 563
3919 563
3920 563
3921 564
3922 564
3923 564
3924 564
3925 564
3926 565
3927 565
3928 565
3929 565
3930 565
3931 565
3932 566
3933 566
3934 566
3935 566
3936 566
3937 567
3938 567
3939 567
3940 567
3941 568
3942 568
3943 568
3944 568
3945 569
3946 569
3947 569
3948 569
3949 569
3950 570
3951 570
3952 570
3953 570
3954 571
3955 571
3956 571
3957 571
3958 572
3959 572
3960 573
3961 573
3962 573
3963 573
3964 573
3965 574
3966 574
3967 574
3968 574
3969 575
3970 575
3971 575
3972 575
3973 575
3974 576
3975 576
3976 576
3977 576
3978 577
3979 577
3980 577
3981 578
3982 578
3983 578
3984 578
3985 579
3986 579
3987 579
3988 579
3989 580
3990 580
3991 580
3992 580
3993 581
3994 581
3995 581
3996 581
3997 582
3998 582
3999 582
4000 582
4001 582
4002 582
4003 583
4004 583
4005 583
4006 583
4007 584
4008 584
4009 584
4010 584
4011 584
4012 585
4013 585
4014 585
4015 585
4016 585
4017 586
4018 586
4019 586
4020 586
4021 586
4022 587
4023 587
4024 587
4025 587
4026 587
4027 588
4028 588
4029 588
4030 588
4031 588
4032 589
4033 589
4034 589
4035 589
4036 590
4037 590
4038 590
4039 590
4040 590
4041 591
4042 591
4043 591
4044 591
4045 591
4046 592
4047 592
4048 592
4049 592
4050 592
4051 593
4052 593
4053 593
4054 593
4055 593
4056 594
4057 594
4058 594
4059 595
4060 595
4061 595
4062 595
4063 596
4064 596
4065 596
4066 596
4067 597
4068 597
4069 597
4070 597
4071 597
4072 597
4073 598
4074 598
4075 598
4076 598
4077 599
4078 599
4079 599
4080 599
4081 599
4082 600
4083 600
4084 600
4085 600
4086 600
4087 601
4088 601
4089 601
4090 601
4091 601
4092 601
4093 602
4094 602
4095 602
4096 602
4097 602
4098 603
4099 603
4100 603
4101 603
4102 604
4103 604
4104 604
4105 604
4106 605
4107 605
4108 605
4109 605
4110 606
4111 606
4112 606
4113 606
4114 606
4115 607
4116 607
4117 607
4118 607
4119 607
4120 607
4121 608
4122 608
4123 608
4124 608
4125 609
4126 609
4127 609
4128 610
4129 610
4130 610
4131 610
4132 610
4133 610
4134 611
4135 611
4136 611
4137 611
4138 612
4139 612
4140 612
4141 612
4142 612
4143 613
4144 613
4145 613
4146 613
4147 614
4148 614
4149 614
4150 614
4151 614
4152 615
4153 615
4154 615
4155 615
4156 616
4157 616
4158 616
4159 616
4160 616
4161 617
4162 617
4163 617
4164 617
4165 617
4166 617
4167 618
4168 618
4169 618
4170 619
4171 619
4172 619
4173 619
4174 620
4175 620
4176 620
4177 620
4178 621
4179 621
4180 621
4181 621
4182 621
4183 622
4184 622
4185 622
4186 622
4187 623
4188 623
4189 623
4190 623
4191 623
4192 624
4193 624
4194 624
4195 624
4196 624
4197 625
4198 625
4199 625
4200 625
4201 625
4202 626
4203 626
4204 626
4205 626
4206 626
4207 626
4208 627
4209 627
4210 627
4211 627
4212 627
4213 628
4214 628
4215 628
4216 628
4217 629
4218 629
4219 629
4220 629
4221 629
4222 630
4223 630
4224 630
4225 630
4226 630
4227 631
4228 631
4229 631
4230 631
4231 631
4232 632
4233 632
4234 632
4235 632
4236 632
4237 633
4238 633
4239 633
4240 633
4241 633
4242 633
4243 634
4244 634
4245 634
4246 634
4247 634
4248 635
4249 635
4250 635
4251 635
4252 635
4253 636
4254 636
4255 636
4256 636
4257 636
4258 637
4259 637
4260 637
4261 637
4262 638
4263 638
4264 638
4265 638
4266 638
4267 639
4268 639
4269 639
4270 639
4271 639
4272 639
4273 640
4274 640
4275 640
4276 641
4277 641
4278 641
4279 641
4280 641
4281 642
4282 642
4283 642
4284 642
4285 643
4286 643
4287 643
4288 643
4289 643
4290 644
4291 644
4292 644
4293 644
4294 645
4295 645
4296 645
4297 645
4298 646
4299 646
4300 646
4301 646
4302 646
4303 647
4304 647
4305 647
4306 647
4307 647
4308 647
4309 648
4310 648
4311 648
4312 648
4313 648
4314 649
4315 649
4316 649
4317 649
4318 649
4319 650
4320 650
4321 650
4322 650
4323 650
4324 651
4325 651
4326 651
4327 651
4328 651
4329 651
4330 652
4331 652
4332 652
4333 652
4334 653
4335 653
4336 653
4337 653
4338 654
4339 654
4340 654
4341 654
4342 655
4343 655
4344 655
4345 655
4346 655
4347 656
4348 656
4349 656
4350 656
4351 657
4352 657
4353 657
4354 657
4355 658
4356 658
4357 658
4358 658
4359 658
4360 658
4361 659
4362 659
4363 659
4364 660
4365 660
4366 660
4367 660
4368 661
4369 661
4370 661
4371 661
4372 661
4373 661
4374 662
4375 662
4376 662
4377 662
4378 662
4379 662
4380 663
4381 663
4382 663
4383 663
4384 664
4385 664
4386 664
4387 664
4388 664
4389 665
4390 665
4391 665
4392 665
4393 666
4394 666
4395 666
4396 666
4397 667
4398 667
4399 667
4400 667
4401 667
4402 668
4403 668
4404 668
4405 668
4406 668
4407 669
4408 669
4409 669
4410 669
4411 670
4412 670
4413 670
4414 670
4415 671
4416 671
4417 671
4418 671
4419 671
4420 672
4421 672
4422 672
4423 672
4424 672
4425 672
4426 673
4427 673
4428 673
4429 673
4430 674
4431 674
4432 674
4433 674
4434 675
4435 675
4436 675
4437 675
4438 676
4439 676
4440 676
4441 676
4442 676
4443 676
4444 677
4445 677
4446 677
4447 677
4448 678
4449 678
4450 678
4451 679
4452 679
4453 679
4454 679
4455 680
4456 680
4457 680
4458 680
4459 680
4460 681
4461 681
4462 681
4463 681
4464 681
4465 682
4466 682
4467 682
4468 683
4469 683
4470 683
4471 683
4472 683
4473 684
4474 684
4475 684
4476 684
4477 685
4478 685
4479 685
4480 685
4481 685
4482 686
4483 686
4484 686
4485 686
4486 686
4487 687
4488 687
4489 687
4490 687
4491 688
4492 688
4493 688
4494 688
4495 688
4496 689
4497 689
4498 689
4499 689
4500 689
4501 689
4502 690
4503 690
4504 690
4505 690
4506 691
4507 691
4508 691
4509 691
4510 691
4511 692
4512 692
4513 692
4514 692
4515 692
4516 693
4517 693
4518 693
4519 693
4520 694
4521 694
4522 694
4523 694
4524 694
4525 695
4526 695
4527 695
4528 695
4529 695
4530 695
4531 696
4532 696
4533 696
4534 696
4535 696
4536 697
4537 697
4538 697
4539 697
4540 698
4541 698
4542 698
4543 698
4544 698
4545 699
4546 699
4547 699
4548 699
4549 699
4550 700
4551 700
4552 700
4553 700
4554 701
4555 701
4556 701
4557 701
4558 701
4559 702
4560 702
4561 702
4562 702
4563 702
4564 703
4565 703
4566 703
4567 703
4568 703
4569 704
4570 704
4571 704
4572 704
4573 704
4574 705
4575 705
4576 705
4577 705
4578 705
4579 706
4580 706
4581 706
4582 706
4583 707
4584 707
4585 707
4586 707
4587 707
4588 708
4589 708
4590 708
4591 708
4592 709
4593 709
4594 709
4595 709
4596 709
4597 710
4598 710
4599 710
4600 710
4601 710
4602 710
4603 711
4604 711
4605 711
4606 711
4607 712
4608 712
4609 712
4610 712
4611 713
4612 713
4613 713
4614 713
4615 714
4616 714
4617 714
4618 714
4619 714
4620 715
4621 715
4622 715
4623 715
4624 716
4625 716
4626 716
4627 716
4628 716
4629 717
4630 717
4631 717
4632 717
4633 718
4634 718
4635 718
4636 719
4637 719
4638 719
4639 719
4640 720
4641 720
4642 720
4643 720
4644 720
4645 721
4646 721
4647 721
4648 721
4649 721
4650 721
4651 722
4652 722
4653 722
4654 722
4655 722
4656 723
4657 723
4658 723
4659 723
4660 724
4661 724
4662 724
4663 724
4664 724
4665 725
4666 725
4667 725
4668 725
4669 725
4670 726
4671 726
4672 726
4673 726
4674 727
4675 727
4676 727
4677 727
4678 727
4679 728
4680 728
4681 728
4682 728
4683 728
4684 729
4685 729
4686 729
4687 729
4688 729
4689 730
4690 730
4691 730
4692 730
4693 730
4694 731
4695 731
4696 731
4697 731
4698 731
4699 732
4700 732
4701 732
4702 732
4703 732
4704 733
4705 733
4706 733
4707 733
4708 733
4709 734
4710 734
4711 734
4712 734
4713 735
4714 735
4715 735
4716 735
4717 735
4718 736
4719 736
4720 736
4721 736
4722 737
4723 737
4724 737
4725 737
4726 738
4727 738
4728 738
4729 738
4730 738
4731 739
4732 739
4733 739
4734 739
4735 739
4736 739
4737 740
4738 740
4739 740
4740 740
4741 741
4742 741
4743 741
4744 741
4745 741
4746 742
4747 742
4748 742
4749 743
4750 743
4751 743
4752 743
4753 743
4754 744
4755 744
4756 744
4757 744
4758 744
4759 745
4760 745
4761 745
4762 745
4763 746
4764 746
4765 746
4766 746
4767 746
4768 747
4769 747
4770 747
4771 747
4772 747
4773 748
4774 748
4775 748
4776 748
4777 749
4778 749
4779 750
4780 750
4781 750
4782 750
4783 751
4784 751
4785 751
4786 751
4787 752
4788 752
4789 752
4790 753
4791 753
4792 753
4793 753
4794 753
4795 754
4796 754
4797 754
4798 754
4799 755
4800 755
4801 755
4802 755
4803 756
4804 756
4805 756
4806 756
4807 756
4808 756
4809 757
4810 757
4811 757
4812 757
4813 757
4814 758
4815 758
4816 758
4817 758
4818 759
4819 759
4820 759
4821 759
4822 759
4823 760
4824 760
4825 760
4826 760
4827 761
4828 761
4829 761
4830 761
4831 762
4832 762
4833 762
4834 762
4835 762
4836 763
4837 763
4838 763
4839 763
4840 763
4841 764
4842 764
4843 764
4844 764
4845 764
4846 764
4847 765
4848 765
4849 765
4850 765
4851 765
4852 765
4853 766
4854 766
4855 766
4856 766
4857 766
4858 767
4859 767
4860 767
4861 767
4862 767
4863 768
4864 768
4865 768
4866 768
4867 769
4868 769
4869 769
4870 769
4871 769
4872 769
4873 770
4874 770
4875 770
4876 770
4877 771
4878 771
4879 771
4880 771
4881 771
4882 771
4883 772
4884 772
4885 772
4886 772
4887 772
4888 773
4889 773
4890 773
4891 773
4892 773
4893 774
4894 774
4895 774
4896 774
4897 774
4898 775
4899 775
4900 775
4901 775
4902 776
4903 776
4904 776
4905 776
4906 777
4907 777
4908 777
4909 777
4910 778
4911 778
4912 778
4913 778
4914 778
4915 779
4916 779
4917 779
4918 779
4919 780
4920 780
4921 780
4922 780
4923 780
4924 781
4925 781
4926 781
4927 781
4928 782
4929 782
4930 782
4931 782
4932 783
4933 783
4934 783
4935 783
4936 784
4937 784
4938 784
4939 785
4940 785
4941 785
4942 785
4943 786
4944 786
4945 786
4946 786
4947 786
4948 787
4949 787
4950 787
4951 787
4952 788
4953 788
4954 788
4955 788
4956 789
4957 789
4958 789
4959 789
4960 789
4961 790
4962 790
4963 790
4964 790
4965 791
4966 791
4967 791
4968 791
4969 791
4970 791
4971 792
4972 792
4973 792
4974 792
4975 792
4976 793
4977 793
4978 793
4979 793
4980 793
4981 794
4982 794
4983 794
4984 794
4985 794
4986 795
4987 795
4988 795
4989 795
4990 796
4991 796
4992 796
4993 796
4994 797
4995 797
4996 797
4997 797
4998 797
4999 798
5000 798
5001 798
5002 798
5003 798
5004 799
5005 799
5006 799
5007 800
5008 800
5009 800
5010 800
5011 800
5012 801
5013 801
5014 801
5015 801
5016 801
5017 802
5018 802
5019 802
5020 802
5021 802
5022 802
5023 803
5024 803
5025 803
5026 803
5027 804
5028 804
5029 804
5030 804
5031 804
5032 805
5033 805
5034 805
5035 805
5036 805
5037 805
5038 806
5039 806
5040 806
5041 806
5042 806
5043 807
5044 807
5045 807
5046 808
5047 808
5048 808
5049 808
5050 808
5051 809
5052 809
5053 809
5054 809
5055 809
5056 809
5057 810
5058 810
5059 810
5060 810
5061 810
5062 810
5063 811
5064 811
5065 811
5066 811
5067 812
5068 812
5069 812
5070 812
5071 813
5072 813
5073 813
5074 813
5075 814
5076 814
5077 814
5078 814
5079 815
5080 815
5081 815
5082 815
5083 816
5084 816
5085 816
5086 816
5087 817
5088 817
5089 817
5090 817
5091 817
5092 818
5093 818
5094 818
5095 818
5096 818
5097 818
5098 819
5099 819
5100 820
5101 820
5102 820
5103 820
5104 820
5105 821
5106 821
5107 821
5108 821
5109 821
5110 822
5111 822
5112 822
5113 823
5114 823
5115 823
5116 823
5117 824
5118 824
5119 824
5120 824
5121 824
5122 825
5123 825
5124 825
5125 825
5126 825
5127 826
5128 826
5129 826
5130 827
5131 827
5132 827
5133 827
5134 827
5135 827
5136 827
5137 828
5138 828
5139 828
5140 828
5141 828
5142 829
5143 829
5144 829
5145 829
5146 829
5147 829
5148 829
5149 830
5150 830
5151 830
5152 830
5153 831
5154 831
5155 831
5156 831
5157 831
5158 831
5159 832
5160 832
5161 832
5162 832
5163 833
5164 833
5165 833
5166 834
5167 834
5168 834
5169 834
5170 834
5171 834
5172 835
5173 835
5174 835
5175 835
5176 836
5177 836
5178 836
5179 836
5180 836
5181 836
5182 837
5183 837
5184 837
5185 837
5186 838
5187 838
5188 838
5189 838
5190 839
5191 839
5192 839
5193 839
5194 839
5195 840
5196 840
5197 840
5198 840
5199 840
5200 841
5201 841
5202 841
5203 842
5204 842
5205 842
5206 842
5207 842
5208 843
5209 843
5210 843
5211 843
5212 844
5213 844
5214 844
5215 844
5216 844
5217 845
5218 845
5219 845
5220 845
5221 845
5222 846
5223 846
5224 846
5225 846
5226 847
5227 847
5228 847
5229 847
5230 847
5231 847
5232 848
5233 848
5234 848
5235 848
5236 849
5237 849
5238 849
5239 849
5240 849
5241 850
5242 850
5243 850
5244 850
5245 850
5246 851
5247 851
5248 851
5249 851
5250 852
5251 852
5252 852
5253 852
5254 852
5255 853
5256 853
5257 853
5258 853
5259 853
5260 854
5261 854
5262 854
5263 854
5264 854
5265 855
5266 855
5267 855
5268 855
5269 855
5270 856
5271 856
5272 856
5273 856
5274 857
5275 857
5276 857
5277 857
5278 858
5279 858
5280 858
5281 858
5282 858
5283 858
5284 859
5285 859
5286 859
5287 860
5288 860
5289 860
5290 860
5291 860
5292 860
5293 861
5294 861
5295 861
5296 861
5297 862
5298 862
5299 862
5300 862
5301 862
5302 862
5303 863
5304 863
5305 863
5306 863
5307 864
5308 864
5309 864
5310 864
5311 865
5312 865
5313 865
5314 865
5315 866
5316 866
5317 866
5318 866
5319 867
5320 867
5321 867
5322 867
5323 867
5324 867
5325 868
5326 868
5327 868
5328 868
5329 868
5330 869
5331 869
5332 869
5333 869
5334 870
5335 870
5336 870
5337 870
5338 871
5339 871
5340 871
5341 871
5342 871
5343 872
5344 872
5345 872
5346 872
5347 873
5348 873
5349 873
5350 873
5351 873
5352 874
5353 874
5354 874
5355 874
5356 875
5357 875
5358 875
5359 876
5360 876
5361 876
5362 876
5363 876
5364 876
5365 876
5366 877
5367 877
5368 877
5369 877
5370 878
5371 878
5372 878
5373 878
5374 879
5375 879
5376 879
5377 879
5378 879
5379 880
5380 880
5381 880
5382 880
5383 880
5384 881
5385 881
5386 881
5387 881
5388 881
5389 881
5390 882
5391 882
5392 882
5393 882
5394 882
5395 882
5396 883
5397 883
5398 883
5399 883
5400 884
5401 884
5402 884
5403 885
5404 885
5405 885
5406 885
5407 886
5408 886
5409 886
5410 886
5411 886
5412 887
5413 887
5414 887
5415 887
5416 888
5417 888
5418 888
5419 889
5420 889
5421 889
5422 890
5423 890
5424 890
5425 890
5426 890
5427 891
5428 891
5429 891
5430 892
5431 892
5432 892
5433 892
5434 893
5435 893
5436 893
5437 893
5438 893
5439 893
5440 894
5441 894
5442 894
5443 894
5444 894
5445 895
5446 895
5447 895
5448 895
5449 896
5450 896
5451 896
5452 896
5453 897
5454 897
5455 897
5456 897
5457 898
5458 898
5459 898
5460 898
5461 898
5462 899
5463 899
5464 899
5465 900
5466 900
5467 900
5468 900
5469 901
5470 901
5471 901
5472 901
5473 901
5474 902
5475 902
5476 902
5477 902
5478 902
5479 903
5480 903
5481 903
5482 903
5483 903
5484 904
5485 904
5486 904
5487 904
5488 904
5489 904
5490 905
5491 905
5492 905
5493 906
5494 906
5495 906
5496 906
5497 907
5498 907
5499 907
5500 907
5501 908
5502 908
5503 908
5504 908
5505 908
5506 908
5507 909
5508 909
5509 909
5510 909
5511 909
5512 910
5513 910
5514 910
5515 910
5516 910
5517 911
5518 911
5519 911
5520 911
5521 911
5522 912
5523 912
5524 912
5525 912
5526 912
5527 913
5528 913
5529 913
5530 913
5531 913
5532 914
5533 914
5534 914
5535 914
5536 915
5537 915
5538 915
5539 915
5540 916
5541 916
5542 916
5543 916
5544 916
5545 917
5546 917
5547 917
5548 917
5549 918
5550 918
5551 918
5552 918
5553 919
5554 919
5555 919
5556 919
5557 920
5558 920
5559 920
5560 920
5561 920
5562 920
5563 921
5564 921
5565 921
5566 921
5567 922
5568 922
5569 922
5570 922
5571 922
5572 923
5573 923
5574 923
5575 924
5576 924
5577 924
5578 924
5579 924
5580 925
5581 925
5582 925
5583 925
5584 925
5585 925
5586 926
5587 926
5588 926
5589 927
5590 927
5591 927
5592 927
5593 928
5594 928
5595 928
5596 928
5597 928
5598 929
5599 929
5600 929
5601 929
5602 930
5603 930
5604 930
5605 931
5606 931
5607 931
5608 931
5609 931
5610 932
5611 932
5612 932
5613 932
5614 932
5615 933
5616 933
5617 933
5618 933
5619 933
5620 933
5621 934
5622 934
5623 934
5624 934
5625 934
5626 935
5627 935
5628 935
5629 935
5630 936
5631 936
5632 936
5633 936
5634 937
5635 937
5636 937
5637 937
5638 938
5639 938
5640 938
5641 938
5642 938
5643 938
5644 938
5645 939
5646 939
5647 939
5648 939
5649 939
5650 940
5651 940
5652 940
5653 940
5654 941
5655 941
5656 941
5657 941
5658 942
5659 942
5660 942
5661 942
5662 942
5663 943
5664 943
5665 943
5666 944
5667 944
5668 944
5669 944
5670 944
5671 945
5672 945
5673 945
5674 945
5675 945
5676 945
5677 946
5678 946
5679 946
5680 946
5681 946
5682 946
5683 947
5684 947
5685 947
5686 947
5687 948
5688 948
5689 948
5690 948
5691 948
5692 949
5693 949
5694 949
5695 949
5696 949
5697 950
5698 950
5699 950
5700 950
5701 950
5702 950
5703 951
5704 951
5705 951
5706 951
5707 952
5708 952
5709 952
5710 952
5711 952
5712 953
5713 953
5714 953
5715 953
5716 953
5717 954
5718 954
5719 954
5720 954
5721 954
5722 955
5723 955
5724 955
5725 955
5726 955
5727 956
5728 956
5729 956
5730 956
5731 957
5732 957
5733 957
5734 957
5735 958
5736 958
5737 958
5738 958
5739 958
5740 958
5741 959
5742 959
5743 959
5744 960
5745 960
5746 960
5747 960
5748 960
5749 960
5750 961
5751 961
5752 961
5753 961
5754 962
5755 962
5756 962
5757 963
5758 963
5759 963
5760 963
5761 963
5762 964
5763 964
5764 964
5765 964
5766 965
5767 965
5768 965
5769 965
5770 965
5771 965
5772 966
5773 966
5774 966
5775 967
5776 967
5777 967
5778 967
5779 968
5780 968
5781 968
5782 968
5783 968
5784 969
5785 969
5786 969
5787 969
5788 970
5789 970
5790 970
5791 970
5792 970
5793 971
5794 971
5795 971
5796 971
5797 971
5798 972
5799 972
5800 972
5801 972
5802 972
5803 973
5804 973
5805 973
5806 973
5807 974
5808 974
5809 974
5810 974
5811 975
5812 975
5813 975
5814 975
5815 976
5816 976
5817 976
5818 976
5819 976
5820 976
5821 977
5822 977
5823 977
5824 977
5825 977
5826 977
5827 977
5828 978
5829 978
5830 978
5831 979
5832 979
5833 979
5834 980
5835 980
5836 980
5837 980
5838 981
5839 981
5840 981
5841 981
5842 981
5843 981
5844 981
5845 982
5846 982
5847 982
5848 982
5849 983
5850 983
5851 983
5852 983
5853 983
5854 984
5855 984
5856 984
5857 984
5858 985
5859 985
5860 985
5861 985
5862 985
5863 986
5864 986
5865 986
5866 986
5867 987
5868 987
5869 987
5870 987
5871 987
5872 987
5873 988
5874 988
5875 988
5876 988
5877 988
5878 988
5879 989
5880 989
5881 989
5882 989
5883 990
5884 990
5885 990
5886 990
5887 991
5888 991
5889 991
5890 991
5891 992
5892 992
5893 992
5894 992
5895 992
5896 993
5897 993
5898 993
5899 993
5900 994
5901 994
5902 994
5903 994
5904 995
5905 995
5906 995
5907 995
5908 995
5909 996
5910 996
5911 996
5912 996
5913 997
5914 997
5915 997
5916 997
5917 997
5918 997
5919 998
5920 998
5921 998
5922 998
5923 998
5924 999
5925 999
5926 999
5927 999
5928 1000
5929 1000
5930 1000
5931 1000
5932 1000
5933 1001
5934 1001
5935 1001
5936 1001
5937 1001
5938 1002
5939 1002
5940 1002
5941 1003
5942 1003
5943 1003
5944 1003
5945 1004
5946 1004
5947 1004
5948 1004
5949 1004
5950 1004
5951 1004
5952 1005
5953 1005
5954 1005
5955 1005
5956 1006
5957 1006
5958 1006
5959 1006
5960 1006
5961 1007
5962 1007
5963 1007
5964 1007
5965 1008
5966 1008
5967 1008
5968 1009
5969 1009
5970 1009
5971 1009
5972 1009
5973 1010
5974 1010
5975 1010
5976 1011
5977 1011
5978 1011
5979 1011
5980 1011
5981 1012
5982 1012
5983 1012
5984 1012
5985 1012
5986 1013
5987 1013
5988 1013
5989 1013
5990 1014
5991 1014
5992 1014
5993 1014
5994 1015
5995 1015
5996 1015
5997 1016
5998 1016
5999 1016
6000 1016
6001 1016
6002 1017
6003 1017
6004 1017
6005 1017
6006 1018
6007 1018
6008 1018
6009 1018
6010 1018
6011 1019
6012 1019
6013 1019
6014 1019
6015 1019
6016 1019
6017 1020
6018 1020
6019 1020
6020 1020
6021 1020
6022 1021
6023 1021
6024 1021
6025 1021
6026 1021
6027 1022
6028 1022
6029 1022
6030 1022
6031 1023
6032 1023
6033 1023
6034 1023
6035 1024
6036 1024
6037 1024
6038 1024
6039 1024
6040 1025
6041 1025
6042 1025
6043 1025
6044 1026
6045 1026
6046 1026
6047 1026
6048 1026
6049 1027
6050 1027
6051 1027
6052 1027
6053 1027
6054 1028
6055 1028
6056 1028
6057 1029
6058 1029
6059 1029
6060 1029
6061 1029
6062 1030
6063 1030
6064 1030
6065 1030
6066 1030
6067 1031
6068 1031
6069 1031
6070 1031
6071 1031
6072 1032
6073 1032
6074 1032
6075 1032
6076 1032
6077 1033
6078 1033
6079 1033
6080 1033
6081 1034
6082 1034
6083 1034
6084 1034
6085 1034
6086 1034
6087 1035
6088 1035
6089 1035
6090 1035
6091 1036
6092 1036
6093 1036
6094 1036
6095 1036
6096 1036
6097 1037
6098 1037
6099 1037
6100 1037
6101 1038
6102 1038
6103 1038
6104 1038
6105 1039
6106 1039
6107 1039
6108 1039
6109 1039
6110 1040
6111 1040
6112 1040
6113 1040
6114 1040
6115 1041
6116 1041
6117 1041
6118 1041
6119 1042
6120 1042
6121 1042
6122 1042
6123 1043
6124 1043
6125 1043
6126 1043
6127 1044
6128 1044
6129 1044
6130 1044
6131 1045
6132 1045
6133 1045
6134 1045
6135 1046
6136 1046
6137 1046
6138 1046
6139 1046
6140 1046
6141 1047
6142 1047
6143 1047
6144 1047
6145 1047
6146 1048
6147 1048
6148 1048
6149 1048
6150 1048
6151 1049
6152 1049
6153 1049
6154 1049
6155 1049
6156 1049
6157 1050
6158 1050
6159 1050
6160 1050
6161 1050
6162 1050
6163 1051
6164 1051
6165 1051
6166 1051
6167 1052
6168 1052
6169 1052
6170 1053
6171 1053
6172 1053
6173 1053
6174 1054
6175 1054
6176 1054
6177 1054
6178 1054
6179 1055
6180 1055
6181 1055
6182 1055
6183 1056
6184 1056
6185 1056
6186 1056
6187 1057
6188 1057
6189 1057
6190 1057
6191 1058
6192 1058
6193 1058
6194 1059
6195 1059
6196 1059
6197 1059
6198 1060
6199 1060
6200 1060
6201 1060
6202 1060
6203 1060
6204 1061
6205 1061
6206 1061
6207 1061
6208 1061
6209 1061
6210 1062
6211 1062
6212 1062
6213 1062
6214 1062
6215 1062
6216 1063
6217 1063
6218 1063
6219 1063
6220 1064
6221 1064
6222 1064
6223 1064
6224 1065
6225 1065
6226 1065
6227 1065
6228 1065
6229 1066
6230 1066
6231 1066
6232 1066
6233 1067
6234 1067
6235 1067
6236 1067
6237 1068
6238 1068
6239 1068
6240 1068
6241 1068
6242 1068
6243 1069
6244 1069
6245 1069
6246 1069
6247 1069
6248 1070
6249 1070
6250 1070
6251 1071
6252 1071
6253 1071
6254 1072
6255 1072
6256 1072
6257 1073
6258 1073
6259 1073
6260 1073
6261 1074
6262 1074
6263 1074
6264 1074
6265 1074
6266 1074
6267 1075
6268 1075
6269 1075
6270 1075
6271 1075
6272 1076
6273 1076
6274 1076
6275 1076
6276 1077
6277 1077
6278 1077
6279 1078
6280 1078
6281 1078
6282 1078
6283 1079
6284 1079
6285 1079
6286 1079
6287 1080
6288 1080
6289 1080
6290 1080
6291 1080
6292 1081
6293 1081
6294 1081
6295 1082
6296 1082
6297 1082
6298 1082
6299 1082
6300 1083
6301 1083
6302 1083
6303 1083
6304 1083
6305 1084
6306 1084
6307 1084
6308 1084
6309 1085
6310 1085
6311 1085
6312 1085
6313 1085
6314 1086
6315 1086
6316 1086
6317 1086
6318 1086
6319 1087
6320 1087
6321 1087
6322 1087
6323 1087
6324 1087
6325 1088
6326 1088
6327 1088
6328 1088
6329 1089
6330 1089
6331 1089
6332 1089
6333 1089
6334 1090
6335 1090
6336 1090
6337 1090
6338 1091
6339 1091
6340 1091
6341 1092
6342 1092
6343 1092
6344 1092
6345 1092
6346 1093
6347 1093
6348 1093
6349 1093
6350 1093
6351 1093
6352 1094
6353 1094
6354 1094
6355 1094
6356 1095
6357 1095
6358 1095
6359 1096
6360 1096
6361 1096
6362 1096
6363 1096
6364 1096
6365 1097
6366 1097
6367 1097
6368 1097
6369 1097
6370 1098
6371 1098
6372 1098
6373 1098
6374 1098
6375 1098
6376 1099
6377 1099
6378 1099
6379 1099
6380 1100
6381 1100
6382 1100
6383 1100
6384 1101
6385 1101
6386 1101
6387 1101
6388 1101
6389 1102
6390 1102
6391 1102
6392 1103
6393 1103
6394 1103
6395 1103
6396 1103
6397 1104
6398 1104
6399 1104
6400 1104
6401 1105
6402 1105
6403 1105
6404 1105
6405 1105
6406 1105
6407 1106
6408 1106
6409 1106
6410 1106
6411 1107
6412 1107
6413 1107
6414 1107
6415 1108
6416 1108
6417 1108
6418 1108
6419 1108
6420 1109
6421 1109
6422 1109
6423 1109
6424 1109
6425 1110
6426 1110
6427 1110
6428 1110
6429 1110
6430 1111
6431 1111
6432 1111
6433 1111
6434 1111
6435 1112
6436 1112
6437 1112
6438 1112
6439 1112
6440 1113
6441 1113
6442 1113
6443 1113
6444 1114
6445 1114
6446 1114
6447 1114
6448 1114
6449 1115
6450 1115
6451 1115
6452 1115
6453 1116
6454 1116
6455 1116
6456 1116
6457 1116
6458 1117
6459 1117
6460 1117
6461 1117
6462 1118
6463 1118
6464 1118
6465 1118
6466 1118
6467 1119
6468 1119
6469 1119
6470 1119
6471 1120
6472 1120
6473 1120
6474 1120
6475 1120
6476 1121
6477 1121
6478 1121
6479 1121
6480 1121
6481 1122
6482 1122
6483 1122
6484 1122
6485 1122
6486 1123
6487 1123
6488 1123
6489 1123
6490 1123
6491 1124
6492 1124
6493 1124
6494 1124
6495 1124
6496 1125
6497 1125
6498 1125
6499 1125
6500 1125
6501 1126
6502 1126
6503 1126
6504 1126
6505 1127
6506 1127
6507 1127
6508 1127
6509 1127
6510 1127
6511 1128
6512 1128
6513 1128
6514 1128
6515 1128
6516 1129
6517 1129
6518 1129
6519 1130
6520 1130
6521 1130
6522 1130
6523 1131
6524 1131
6525 1131
6526 1131
6527 1131
6528 1132
6529 1132
6530 1132
6531 1132
6532 1133
6533 1133
6534 1133
6535 1133
6536 1134
6537 1134
6538 1134
6539 1134
6540 1135
6541 1135
6542 1135
6543 1135
6544 1136
6545 1136
6546 1136
6547 1136
6548 1137
6549 1137
6550 1137
6551 1137
6552 1137
6553 1138
6554 1138
6555 1138
6556 1138
6557 1138
6558 1138
6559 1139
6560 1139
6561 1139
6562 1139
6563 1139
6564 1140
6565 1140
6566 1140
6567 1140
6568 1140
6569 1140
6570 1141
6571 1141
6572 1141
6573 1141
6574 1142
6575 1142
6576 1142
6577 1142
6578 1142
6579 1143
6580 1143
6581 1143
6582 1143
6583 1143
6584 1143
6585 1144
6586 1144
6587 1144
6588 1144
6589 1144
6590 1145
6591 1145
6592 1145
6593 1146
6594 1146
6595 1146
6596 1146
6597 1146
6598 1147
6599 1147
6600 1147
6601 1148
6602 1148
6603 1148
6604 1148
6605 1148
6606 1148
6607 1149
6608 1149
6609 1149
6610 1149
6611 1149
6612 1150
6613 1150
6614 1150
6615 1150
6616 1151
6617 1151
6618 1151
6619 1151
6620 1151
6621 1152
6622 1152
6623 1152
6624 1152
6625 1153
6626 1153
6627 1153
6628 1153
6629 1153
6630 1154
6631 1154
6632 1154
6633 1155
6634 1155
6635 1155
6636 1155
6637 1156
6638 1156
6639 1156
6640 1156
6641 1156
6642 1157
6643 1157
6644 1157
6645 1158
6646 1158
6647 1158
6648 1158
6649 1159
6650 1159
6651 1159
6652 1159
6653 1159
6654 1160
6655 1160
6656 1160
6657 1160
6658 1160
6659 1160
6660 1161
6661 1161
6662 1161
6663 1162
6664 1162
6665 1162
6666 1162
6667 1162
6668 1163
6669 1163
6670 1163
6671 1163
6672 1163
6673 1163
6674 1164
6675 1164
6676 1164
6677 1164
6678 1164
6679 1165
6680 1165
6681 1165
6682 1165
6683 1166
6684 1166
6685 1166
6686 1166
6687 1166
6688 1167
6689 1167
6690 1167
6691 1167
6692 1167
6693 1167
6694 1168
6695 1168
6696 1168
6697 1168
6698 1168
6699 1169
6700 1169
6701 1169
6702 1169
6703 1170
6704 1170
6705 1170
6706 1170
6707 1171
6708 1171
6709 1171
6710 1171
6711 1171
6712 1171
6713 1172
6714 1172
6715 1172
6716 1172
6717 1173
6718 1173
6719 1173
6720 1173
6721 1173
6722 1174
6723 1174
6724 1174
6725 1174
6726 1175
6727 1175
6728 1175
6729 1175
6730 1176
6731 1176
6732 1176
6733 1176
6734 1176
6735 1177
6736 1177
6737 1177
6738 1178
6739 1178
6740 1178
6741 1178
6742 1179
6743 1179
6744 1179
6745 1179
6746 1179
6747 1180
6748 1180
6749 1180
6750 1180
6751 1180
6752 1181
6753 1181
6754 1181
6755 1181
6756 1181
6757 1182
6758 1182
6759 1182
6760 1182
6761 1182
6762 1182
6763 1183
6764 1183
6765 1183
6766 1183
6767 1184
6768 1184
6769 1184
6770 1184
6771 1184
6772 1185
6773 1185
6774 1185
6775 1185
6776 1186
6777 1186
6778 1186
6779 1186
6780 1186
6781 1186
6782 1187
6783 1187
6784 1187
6785 1187
6786 1187
6787 1188
6788 1188
6789 1188
6790 1188
6791 1189
6792 1189
6793 1189
6794 1190
6795 1190
6796 1190
6797 1190
6798 1191
6799 1191
6800 1191
6801 1191
6802 1192
6803 1192
6804 1192
6805 1192
6806 1193
6807 1193
6808 1193
6809 1193
6810 1193
6811 1194
6812 1194
6813 1194
6814 1194
6815 1195
6816 1195
6817 1195
6818 1195
6819 1196
6820 1196
6821 1196
6822 1196
6823 1196
6824 1197
6825 1197
6826 1197
6827 1197
6828 1198
6829 1198
6830 1198
6831 1198
6832 1198
6833 1199
6834 1199
6835 1199
6836 1199
6837 1200
6838 1200
6839 1200
6840 1200
6841 1200
6842 1201
6843 1201
6844 1201
6845 1201
6846 1201
6847 1201
6848 1201
6849 1201
6850 1202
6851 1202
6852 1202
6853 1202
6854 1202
6855 1202
6856 1203
6857 1203
6858 1203
6859 1203
6860 1203
6861 1204
6862 1204
6863 1204
6864 1204
6865 1205
6866 1205
6867 1205
6868 1206
6869 1206
6870 1206
6871 1206
6872 1207
6873 1207
6874 1207
6875 1207
6876 1207
6877 1207
6878 1208
6879 1208
6880 1208
6881 1208
6882 1208
6883 1209
6884 1209
6885 1209
6886 1209
6887 1209
6888 1210
6889 1210
6890 1210
6891 1210
6892 1210
6893 1210
6894 1211
6895 1211
6896 1211
6897 1211
6898 1212
6899 1212
6900 1212
6901 1212
6902 1213
6903 1213
6904 1214
6905 1214
6906 1214
6907 1214
6908 1214
6909 1215
6910 1215
6911 1215
6912 1215
6913 1216
6914 1216
6915 1216
6916 1216
6917 1216
6918 1217
6919 1217
6920 1217
6921 1217
6922 1218
6923 1218
6924 1218
6925 1218
6926 1218
6927 1219
6928 1219
6929 1219
6930 1219
6931 1220
6932 1220
6933 1220
6934 1220
6935 1220
6936 1221
6937 1221
6938 1221
6939 1221
6940 1222
6941 1222
6942 1222
6943 1222
6944 1222
6945 1223
6946 1223
6947 1223
6948 1223
6949 1223
6950 1224
6951 1224
6952 1224
6953 1224
6954 1225
6955 1225
6956 1225
6957 1226
6958 1226
6959 1226
6960 1226
6961 1227
6962 1227
6963 1227
6964 1227
6965 1228
6966 1228
6967 1228
6968 1228
6969 1228
6970 1229
6971 1229
6972 1229
6973 1229
6974 1230
6975 1230
6976 1230
6977 1230
6978 1231
6979 1231
6980 1231
6981 1231
6982 1231
6983 1231
6984 1232
6985 1232
6986 1233
6987 1233
6988 1233
6989 1233
6990 1233
6991 1233
6992 1234
6993 1234
6994 1234
6995 1235
6996 1235
6997 1235
6998 1235
6999 1235
7000 1236
7001 1236
7002 1236
7003 1236
7004 1237
7005 1237
7006 1237
7007 1237
7008 1237
7009 1237
7010 1238
7011 1238
7012 1238
7013 1238
7014 1238
7015 1239
7016 1239
7017 1239
7018 1239
7019 1239
7020 1239
7021 1239
7022 1240
7023 1240
7024 1240
7025 1240
7026 1240
7027 1241
7028 1241
7029 1241
7030 1241
7031 1242
7032 1242
7033 1242
7034 1242
7035 1242
7036 1242
7037 1243
7038 1243
7039 1243
7040 1243
7041 1244
7042 1244
7043 1244
7044 1244
7045 1244
7046 1245
7047 1245
7048 1245
7049 1245
7050 1245
7051 1246
7052 1246
7053 1246
7054 1246
7055 1246
7056 1247
7057 1247
7058 1247
7059 1247
7060 1247
7061 1247
7062 1248
7063 1248
7064 1249
7065 1249
7066 1249
7067 1249
7068 1250
7069 1250
7070 1250
7071 1250
7072 1250
7073 1251
7074 1251
7075 1251
7076 1251
7077 1251
7078 1252
7079 1252
7080 1252
7081 1252
7082 1253
7083 1253
7084 1253
7085 1253
7086 1254
7087 1254
7088 1254
7089 1254
7090 1254
7091 1255
7092 1255
7093 1255
7094 1255
7095 1255
7096 1255
7097 1256
7098 1256
7099 1256
7100 1256
7101 1256
7102 1257
7103 1257
7104 1257
7105 1257
7106 1257
7107 1257
7108 1258
7109 1258
7110 1258
7111 1258
7112 1259
7113 1259
7114 1259
7115 1259
7116 1260
7117 1260
7118 1260
7119 1260
7120 1260
7121 1261
7122 1261
7123 1261
7124 1261
7125 1261
7126 1262
7127 1262
7128 1262
7129 1262
7130 1262
7131 1262
7132 1262
7133 1263
7134 1263
7135 1263
7136 1263
7137 1264
7138 1264
7139 1264
7140 1265
7141 1265
7142 1265
7143 1265
7144 1265
7145 1265
7146 1266
7147 1266
7148 1266
7149 1266
7150 1266
7151 1266
7152 1267
7153 1267
7154 1267
7155 1268
7156 1268
7157 1268
7158 1268
7159 1269
7160 1269
7161 1269
7162 1269
7163 1269
7164 1269
7165 1270
7166 1270
7167 1270
7168 1270
7169 1271
7170 1271
7171 1271
7172 1271
7173 1272
7174 1272
7175 1272
7176 1273
7177 1273
7178 1273
7179 1273
7180 1273
7181 1274
7182 1274
7183 1274
7184 1274
7185 1275
7186 1275
7187 1275
7188 1275
7189 1275
7190 1276
7191 1276
7192 1276
7193 1276
7194 1277
7195 1277
7196 1277
7197 1278
7198 1278
7199 1278
7200 1279
7201 1279
7202 1279
7203 1279
7204 1280
7205 1280
7206 1280
7207 1280
7208 1281
7209 1281
7210 1281
7211 1281
7212 1281
7213 1282
7214 1282
7215 1282
7216 1282
7217 1282
7218 1283
7219 1283
7220 1283
7221 1283
7222 1283
7223 1284
7224 1284
7225 1284
7226 1284
7227 1284
7228 1284
7229 1285
7230 1285
7231 1285
7232 1285
7233 1286
7234 1286
7235 1286
7236 1286
7237 1286
7238 1287
7239 1287
7240 1287
7241 1287
7242 1287
7243 1288
7244 1288
7245 1288
7246 1288
7247 1288
7248 1289
7249 1289
7250 1289
7251 1289
7252 1289
7253 1289
7254 1289
7255 1290
7256 1290
7257 1290
7258 1290
7259 1290
7260 1291
7261 1291
7262 1291
7263 1292
7264 1292
7265 1292
7266 1292
7267 1293
7268 1293
7269 1293
7270 1293
7271 1294
7272 1294
7273 1294
7274 1294
7275 1295
7276 1295
7277 1295
7278 1295
7279 1296
7280 1296
7281 1296
7282 1296
7283 1296
7284 1297
7285 1297
7286 1297
7287 1297
7288 1297
7289 1298
7290 1298
7291 1298
7292 1299
7293 1299
7294 1299
7295 1299
7296 1299
7297 1300
7298 1300
7299 1300
7300 1300
7301 1300
7302 1301
7303 1301
7304 1301
7305 1302
7306 1302
7307 1302
7308 1302
7309 1302
7310 1303
7311 1303
7312 1303
7313 1303
7314 1303
7315 1304
7316 1304
7317 1304
7318 1304
7319 1305
7320 1305
7321 1305
7322 1305
7323 1306
7324 1306
7325 1306
7326 1307
7327 1307
7328 1307
7329 1307
7330 1307
7331 1308
7332 1308
7333 1308
7334 1308
7335 1308
7336 1309
7337 1309
7338 1309
7339 1310
7340 1310
7341 1310
7342 1310
7343 1311
7344 1311
7345 1311
7346 1311
7347 1312
7348 1312
7349 1312
7350 1313
7351 1313
7352 1313
7353 1313
7354 1313
7355 1314
7356 1314
7357 1314
7358 1314
7359 1314
7360 1315
7361 1315
7362 1315
7363 1315
7364 1315
7365 1315
7366 1316
7367 1316
7368 1316
7369 1317
7370 1317
7371 1317
7372 1317
7373 1318
7374 1318
7375 1318
7376 1318
7377 1318
7378 1318
7379 1319
7380 1319
7381 1319
7382 1319
7383 1319
7384 1320
7385 1320
7386 1320
7387 1320
7388 1320
7389 1321
7390 1321
7391 1321
7392 1321
7393 1321
7394 1322
7395 1322
7396 1322
7397 1322
7398 1322
7399 1322
7400 1323
7401 1323
7402 1323
7403 1323
7404 1324
7405 1324
7406 1324
7407 1324
7408 1324
7409 1325
7410 1325
7411 1325
7412 1325
7413 1325
7414 1326
7415 1326
7416 1326
7417 1326
7418 1326
7419 1326
7420 1327
7421 1327
7422 1327
7423 1328
7424 1328
7425 1328
7426 1328
7427 1328
7428 1329
7429 1329
7430 1329
7431 1330
7432 1330
7433 1330
7434 1331
7435 1331
7436 1331
7437 1331
7438 1332
7439 1332
7440 1332
7441 1332
7442 1333
7443 1333
7444 1333
7445 1333
7446 1333
7447 1334
7448 1334
7449 1334
7450 1334
7451 1335
7452 1335
7453 1335
7454 1335
7455 1335
7456 1336
7457 1336
7458 1336
7459 1336
7460 1337
7461 1337
7462 1337
7463 1337
7464 1337
7465 1338
7466 1338
7467 1338
7468 1339
7469 1339
7470 1339
7471 1339
7472 1339
7473 1339
7474 1340
7475 1340
7476 1340
7477 1340
7478 1340
7479 1341
7480 1341
7481 1341
7482 1342
7483 1342
7484 1342
7485 1342
7486 1342
7487 1342
7488 1343
7489 1343
7490 1343
7491 1343
7492 1343
7493 1344
7494 1344
7495 1344
7496 1344
7497 1345
7498 1345
7499 1345
7500 1345
7501 1345
7502 1346
7503 1346
7504 1346
7505 1346
7506 1346
7507 1347
7508 1347
7509 1347
7510 1347
7511 1347
7512 1347
7513 1348
7514 1348
7515 1348
7516 1348
7517 1348
7518 1349
7519 1349
7520 1349
7521 1349
7522 1350
7523 1350
7524 1350
7525 1350
7526 1350
7527 1351
7528 1351
7529 1351
7530 1351
7531 1352
7532 1352
7533 1352
7534 1352
7535 1352
7536 1353
7537 1353
7538 1353
7539 1353
7540 1353
7541 1354
7542 1354
7543 1354
7544 1355
7545 1355
7546 1355
7547 1355
7548 1356
7549 1356
7550 1356
7551 1356
7552 1356
7553 1356
7554 1357
7555 1357
7556 1357
7557 1357
7558 1358
7559 1358
7560 1358
7561 1358
7562 1358
7563 1359
7564 1359
7565 1359
7566 1359
7567 1359
7568 1360
7569 1360
7570 1360
7571 1361
7572 1361
7573 1361
7574 1361
7575 1361
7576 1362
7577 1362
7578 1362
7579 1363
7580 1363
7581 1363
7582 1363
7583 1363
7584 1363
7585 1364
7586 1364
7587 1364
7588 1364
7589 1365
7590 1365
7591 1365
7592 1365
7593 1365
7594 1366
7595 1366
7596 1366
7597 1367
7598 1367
7599 1367
7600 1368
7601 1368
7602 1368
7603 1368
7604 1368
7605 1369
7606 1369
7607 1369
7608 1369
7609 1369
7610 1369
7611 1369
7612 1370
7613 1370
7614 1370
7615 1371
7616 1371
7617 1371
7618 1371
7619 1372
7620 1372
7621 1372
7622 1372
7623 1373
7624 1373
7625 1373
7626 1374
7627 1374
7628 1374
7629 1374
7630 1374
7631 1375
7632 1375
7633 1375
7634 1375
7635 1375
7636 1376
7637 1376
7638 1376
7639 1376
7640 1377
7641 1377
7642 1377
7643 1377
7644 1378
7645 1378
7646 1378
7647 1378
7648 1378
7649 1379
7650 1379
7651 1379
7652 1379
7653 1380
7654 1380
7655 1380
7656 1380
7657 1381
7658 1381
7659 1381
7660 1381
7661 1381
7662 1382
7663 1382
7664 1382
7665 1382
7666 1383
7667 1383
7668 1383
7669 1383
7670 1383
7671 1383
7672 1383
7673 1384
7674 1384
7675 1384
7676 1384
7677 1384
7678 1385
7679 1385
7680 1385
7681 1385
7682 1385
7683 1386
7684 1386
7685 1386
7686 1386
7687 1386
7688 1387
7689 1387
7690 1387
7691 1388
7692 1388
7693 1388
7694 1388
7695 1388
7696 1389
7697 1389
7698 1389
7699 1389
7700 1390
7701 1390
7702 1390
7703 1390
7704 1391
7705 1391
7706 1391
7707 1391
7708 1392
7709 1392
7710 1392
7711 1392
7712 1393
7713 1393
7714 1393
7715 1393
7716 1394
7717 1394
7718 1394
7719 1394
7720 1394
7721 1394
7722 1395
7723 1395
7724 1395
7725 1395
7726 1395
7727 1396
7728 1396
7729 1396
7730 1396
7731 1396
7732 1397
7733 1397
7734 1397
7735 1397
7736 1397
7737 1398
7738 1398
7739 1398
7740 1398
7741 1399
7742 1399
7743 1399
7744 1399
7745 1399
7746 1400
7747 1400
7748 1400
7749 1400
7750 1400
7751 1401
7752 1401
7753 1401
7754 1401
7755 1402
7756 1402
7757 1402
7758 1402
7759 1403
7760 1403
7761 1403
7762 1403
7763 1404
7764 1404
7765 1404
7766 1404
7767 1405
7768 1405
7769 1405
7770 1405
7771 1405
7772 1405
7773 1405
7774 1406
7775 1406
7776 1406
7777 1406
7778 1406
7779 1407
7780 1407
7781 1407
7782 1407
7783 1407
7784 1408
7785 1408
7786 1408
7787 1408
7788 1408
7789 1408
7790 1409
7791 1409
7792 1409
7793 1409
7794 1410
7795 1410
7796 1410
7797 1410
7798 1411
7799 1411
7800 1411
7801 1411
7802 1412
7803 1412
7804 1412
7805 1413
7806 1413
7807 1413
7808 1413
7809 1414
7810 1414
7811 1414
7812 1414
7813 1415
7814 1415
7815 1415
7816 1415
7817 1415
7818 1416
7819 1416
7820 1416
7821 1416
7822 1417
7823 1417
7824 1417
7825 1417
7826 1418
7827 1418
7828 1418
7829 1418
7830 1419
7831 1419
7832 1419
7833 1419
7834 1419
7835 1420
7836 1420
7837 1420
7838 1420
7839 1420
7840 1421
7841 1421
7842 1421
7843 1422
7844 1422
7845 1422
7846 1422
7847 1422
7848 1423
7849 1423
7850 1423
7851 1423
7852 1423
7853 1423
7854 1424
7855 1424
7856 1424
7857 1425
7858 1425
7859 1425
7860 1425
7861 1425
7862 1426
7863 1426
7864 1426
7865 1426
7866 1426
7867 1426
7868 1427
7869 1427
7870 1427
7871 1427
7872 1428
7873 1428
7874 1428
7875 1429
7876 1429
7877 1429
7878 1429
7879 1429
7880 1430
7881 1430
7882 1430
7883 1430
7884 1431
7885 1431
7886 1431
7887 1431
7888 1432
7889 1432
7890 1432
7891 1432
7892 1432
7893 1432
7894 1433
7895 1433
7896 1433
7897 1434
7898 1434
7899 1434
7900 1435
7901 1435
7902 1435
7903 1435
7904 1435
7905 1436
7906 1436
7907 1436
7908 1436
7909 1436
7910 1436
7911 1437
7912 1437
7913 1437
7914 1437
7915 1438
7916 1438
7917 1438
7918 1438
7919 1439
7920 1439
7921 1439
7922 1439
7923 1440
7924 1440
7925 1440
7926 1440
7927 1440
7928 1441
7929 1441
7930 1441
7931 1441
7932 1441
7933 1442
7934 1442
7935 1442
7936 1442
7937 1442
7938 1442
7939 1443
7940 1443
7941 1443
7942 1443
7943 1443
7944 1444
7945 1444
7946 1444
7947 1444
7948 1444
7949 1444
7950 1444
7951 1444
7952 1445
7953 1445
7954 1445
7955 1445
7956 1446
7957 1446
7958 1446
7959 1447
7960 1447
7961 1447
7962 1447
7963 1448
7964 1448
7965 1448
7966 1448
7967 1449
7968 1449
7969 1449
7970 1449
7971 1450
7972 1450
7973 1450
7974 1450
7975 1451
7976 1451
7977 1451
7978 1451
7979 1451
7980 1452
7981 1452
7982 1452
7983 1452
7984 1452
7985 1453
7986 1453
7987 1453
7988 1454
7989 1454
7990 1454
7991 1454
7992 1455
7993 1455
7994 1455
7995 1455
7996 1455
7997 1455
7998 1456
7999 1456
8000 1456
8001 1456
8002 1456
8003 1456
8004 1457
8005 1457
8006 1457
8007 1457
8008 1457
8009 1457
8010 1458
8011 1458
8012 1458
8013 1458
8014 1459
8015 1459
8016 1459
8017 1459
8018 1459
8019 1459
8020 1460
8021 1460
8022 1460
8023 1460
8024 1461
8025 1461
8026 1461
8027 1462
8028 1462
8029 1462
8030 1462
8031 1462
8032 1463
8033 1463
8034 1463
8035 1464
8036 1464
8037 1464
8038 1464
8039 1465
8040 1465
8041 1465
8042 1465
8043 1465
8044 1466
8045 1466
8046 1466
8047 1466
8048 1466
8049 1467
8050 1467
8051 1467
8052 1467
8053 1467
8054 1468
8055 1468
8056 1468
8057 1468
8058 1468
8059 1468
8060 1469
8061 1469
8062 1469
8063 1469
8064 1469
8065 1470
8066 1470
8067 1470
8068 1470
8069 1470
8070 1471
8071 1471
8072 1471
8073 1471
8074 1472
8075 1472
8076 1472
8077 1472
8078 1473
8079 1473
8080 1473
8081 1473
8082 1474
8083 1474
8084 1474
8085 1474
8086 1474
8087 1475
8088 1475
8089 1475
8090 1475
8091 1475
8092 1475
8093 1476
8094 1476
8095 1476
8096 1476
8097 1477
8098 1477
8099 1477
8100 1477
8101 1478
8102 1478
8103 1478
8104 1478
8105 1478
8106 1479
8107 1479
8108 1479
8109 1479
8110 1479
8111 1480
8112 1480
8113 1480
8114 1480
8115 1480
8116 1480
8117 1481
8118 1481
8119 1481
8120 1481
8121 1481
8122 1481
8123 1482
8124 1482
8125 1482
8126 1482
8127 1483
8128 1483
8129 1483
8130 1483
8131 1484
8132 1484
8133 1484
8134 1484
8135 1484
8136 1485
8137 1485
8138 1485
8139 1485
8140 1485
8141 1486
8142 1486
8143 1486
8144 1486
8145 1487
8146 1487
8147 1487
8148 1487
8149 1488
8150 1488
8151 1488
8152 1488
8153 1489
8154 1489
8155 1489
8156 1489
8157 1489
8158 1490
8159 1490
8160 1490
8161 1490
8162 1490
8163 1490
8164 1491
8165 1491
8166 1491
8167 1491
8168 1492
8169 1492
8170 1492
8171 1492
8172 1492
8173 1493
8174 1493
8175 1493
8176 1494
8177 1494
8178 1494
8179 1494
8180 1494
8181 1495
8182 1495
8183 1495
8184 1495
8185 1496
8186 1496
8187 1496
8188 1496
8189 1496
8190 1497
8191 1497
8192 1497
8193 1497
8194 1497
8195 1498
8196 1498
8197 1498
8198 1498
8199 1498
8200 1499
8201 1499
8202 1499
8203 1499
8204 1500
8205 1500
8206 1500
8207 1500
8208 1501
8209 1501
8210 1501
8211 1501
8212 1502
8213 1502
8214 1502
8215 1502
8216 1502
8217 1502
8218 1503
8219 1503
8220 1503
8221 1503
8222 1504
8223 1504
8224 1504
8225 1504
8226 1505
8227 1505
8228 1505
8229 1505
8230 1506
8231 1506
8232 1506
8233 1506
8234 1507
8235 1507
8236 1507
8237 1507
8238 1507
8239 1508
8240 1508
8241 1508
8242 1508
8243 1508
8244 1509
8245 1509
8246 1509
8247 1509
8248 1510
8249 1510
8250 1510
8251 1510
8252 1510
8253 1510
8254 1511
8255 1511
8256 1511
8257 1511
8258 1511
8259 1512
8260 1512
8261 1512
8262 1512
8263 1513
8264 1513
8265 1513
8266 1513
8267 1514
8268 1514
8269 1514
8270 1515
8271 1515
8272 1515
8273 1515
8274 1515
8275 1516
8276 1516
8277 1516
8278 1516
8279 1516
8280 1517
8281 1517
8282 1517
8283 1518
8284 1518
8285 1518
8286 1519
8287 1519
8288 1519
8289 1519
8290 1519
8291 1519
8292 1520
8293 1520
8294 1520
8295 1520
8296 1520
8297 1521
8298 1521
8299 1521
8300 1521
8301 1521
8302 1522
8303 1522
8304 1522
8305 1522
8306 1522
8307 1523
8308 1523
8309 1523
8310 1523
8311 1524
8312 1524
8313 1524
8314 1524
8315 1524
8316 1524
8317 1525
8318 1525
8319 1525
8320 1526
8321 1526
8322 1526
8323 1526
8324 1527
8325 1527
8326 1527
8327 1527
8328 1527
8329 1528
8330 1528
8331 1528
8332 1528
8333 1528
8334 1529
8335 1529
8336 1529
8337 1529
8338 1530
8339 1530
8340 1530
8341 1530
8342 1531
8343 1531
8344 1531
8345 1531
8346 1531
8347 1532
8348 1532
8349 1532
8350 1532
8351 1532
8352 1533
8353 1533
8354 1533
8355 1533
8356 1534
8357 1534
8358 1534
8359 1534
8360 1534
8361 1535
8362 1535
8363 1535
8364 1536
8365 1536
8366 1536
8367 1536
8368 1536
8369 1536
8370 1537
8371 1537
8372 1537
8373 1538
8374 1538
8375 1538
8376 1538
8377 1538
8378 1539
8379 1539
8380 1539
8381 1539
8382 1539
8383 1539
8384 1540
8385 1540
8386 1540
8387 1540
8388 1540
8389 1541
8390 1541
8391 1541
8392 1541
8393 1541
8394 1542
8395 1542
8396 1542
8397 1542
8398 1542
8399 1543
8400 1543
8401 1543
8402 1543
8403 1544
8404 1544
8405 1544
8406 1545
8407 1545
8408 1545
8409 1545
8410 1546
8411 1546
8412 1546
8413 1546
8414 1547
8415 1547
8416 1547
8417 1548
8418 1548
8419 1548
8420 1548
8421 1548
8422 1549
8423 1549
8424 1549
8425 1549
8426 1550
8427 1550
8428 1550
8429 1550
8430 1550
8431 1550
8432 1551
8433 1551
8434 1551
8435 1551
8436 1551
8437 1552
8438 1552
8439 1552
8440 1552
8441 1552
8442 1553
8443 1553
8444 1553
8445 1553
8446 1554
8447 1554
8448 1554
8449 1554
8450 1554
8451 1554
8452 1555
8453 1555
8454 1555
8455 1555
8456 1555
8457 1556
8458 1556
8459 1556
8460 1556
8461 1556
8462 1557
8463 1557
8464 1557
8465 1557
8466 1558
8467 1558
8468 1558
8469 1558
8470 1559
8471 1559
8472 1559
8473 1559
8474 1560
8475 1560
8476 1560
8477 1560
8478 1560
8479 1560
8480 1560
8481 1561
8482 1561
8483 1561
8484 1561
8485 1562
8486 1562
8487 1562
8488 1562
8489 1562
8490 1563
8491 1563
8492 1563
8493 1563
8494 1563
8495 1564
8496 1564
8497 1564
8498 1564
8499 1565
8500 1565
8501 1565
8502 1565
8503 1565
8504 1566
8505 1566
8506 1566
8507 1567
8508 1567
8509 1567
8510 1568
8511 1568
8512 1568
8513 1568
8514 1568
8515 1569
8516 1569
8517 1569
8518 1569
8519 1569
8520 1570
8521 1570
8522 1570
8523 1570
8524 1570
8525 1570
8526 1571
8527 1571
8528 1571
8529 1572
8530 1572
8531 1572
8532 1572
8533 1573
8534 1573
8535 1573
8536 1573
8537 1573
8538 1574
8539 1574
8540 1574
8541 1574
8542 1575
8543 1575
8544 1575
8545 1575
8546 1576
8547 1576
8548 1576
8549 1576
8550 1576
8551 1577
8552 1577
8553 1577
8554 1577
8555 1577
8556 1578
8557 1578
8558 1578
8559 1578
8560 1578
8561 1578
8562 1579
8563 1579
8564 1579
8565 1579
8566 1580
8567 1580
8568 1580
8569 1581
8570 1581
8571 1581
8572 1581
8573 1581
8574 1582
8575 1582
8576 1582
8577 1582
8578 1583
8579 1583
8580 1583
8581 1583
8582 1584
8583 1584
8584 1584
8585 1584
8586 1585
8587 1585
8588 1585
8589 1585
8590 1585
8591 1585
8592 1586
8593 1586
8594 1586
8595 1587
8596 1587
8597 1587
8598 1587
8599 1587
8600 1588
8601 1588
8602 1588
8603 1588
8604 1588
8605 1589
8606 1589
8607 1589
8608 1589
8609 1589
8610 1590
8611 1590
8612 1590
8613 1590
8614 1590
8615 1591
8616 1591
8617 1591
8618 1591
8619 1591
8620 1591
8621 1592
8622 1592
8623 1592
8624 1592
8625 1593
8626 1593
8627 1593
8628 1593
8629 1593
8630 1593
8631 1594
8632 1594
8633 1594
8634 1594
8635 1595
8636 1595
8637 1595
8638 1595
8639 1595
8640 1596
8641 1596
8642 1596
8643 1596
8644 1597
8645 1597
8646 1597
8647 1597
8648 1597
8649 1598
8650 1598
8651 1598
8652 1598
8653 1599
8654 1599
8655 1599
8656 1599
8657 1599
8658 1600
8659 1600
8660 1600
8661 1600
8662 1601
8663 1601
8664 1601
8665 1601
8666 1601
8667 1602
8668 1602
8669 1602
8670 1602
8671 1603
8672 1603
8673 1603
8674 1604
8675 1604
8676 1604
8677 1604
8678 1604
8679 1605
8680 1605
8681 1605
8682 1605
8683 1606
8684 1606
8685 1606
8686 1606
8687 1606
8688 1607
8689 1607
8690 1607
8691 1607
8692 1608
8693 1608
8694 1608
8695 1608
8696 1609
8697 1609
8698 1609
8699 1609
8700 1610
8701 1610
8702 1610
8703 1610
8704 1610
8705 1611
8706 1611
8707 1611
8708 1611
8709 1611
8710 1612
8711 1612
8712 1612
8713 1612
8714 1612
8715 1613
8716 1613
8717 1613
8718 1613
8719 1614
8720 1614
8721 1614
8722 1614
8723 1615
8724 1615
8725 1615
8726 1615
8727 1616
8728 1616
8729 1616
8730 1616
8731 1617
8732 1617
8733 1617
8734 1617
8735 1617
8736 1617
8737 1618
8738 1618
8739 1618
8740 1618
8741 1618
8742 1618
8743 1619
8744 1619
8745 1619
8746 1619
8747 1619
8748 1620
8749 1620
8750 1620
8751 1620
8752 1620
8753 1621
8754 1621
8755 1621
8756 1621
8757 1622
8758 1622
8759 1622
8760 1622
8761 1622
8762 1622
8763 1623
8764 1623
8765 1623
8766 1623
8767 1624
8768 1624
8769 1624
8770 1624
8771 1624
8772 1625
8773 1625
8774 1625
8775 1625
8776 1625
8777 1625
8778 1626
8779 1626
8780 1626
8781 1626
8782 1627
8783 1627
8784 1627
8785 1627
8786 1627
8787 1627
8788 1628
8789 1628
8790 1628
8791 1628
8792 1628
8793 1629
8794 1629
8795 1629
8796 1629
8797 1630
8798 1630
8799 1630
8800 1630
8801 1630
8802 1631
8803 1631
8804 1631
8805 1632
8806 1632
8807 1632
8808 1632
8809 1632
8810 1633
8811 1633
8812 1633
8813 1633
8814 1634
8815 1634
8816 1634
8817 1634
8818 1634
8819 1634
8820 1635
8821 1635
8822 1635
8823 1635
8824 1635
8825 1635
8826 1636
8827 1636
8828 1636
8829 1636
8830 1637
8831 1637
8832 1637
8833 1637
8834 1638
8835 1638
8836 1638
8837 1638
8838 1638
8839 1639
8840 1639
8841 1639
8842 1639
8843 1639
8844 1639
8845 1640
8846 1640
8847 1640
8848 1640
8849 1641
8850 1641
8851 1641
8852 1641
8853 1642
8854 1642
8855 1642
8856 1642
8857 1643
8858 1643
8859 1643
8860 1643
8861 1643
8862 1643
8863 1644
8864 1644
8865 1644
8866 1644
8867 1645
8868 1645
8869 1645
8870 1645
8871 1646
8872 1646
8873 1646
8874 1646
8875 1647
8876 1647
8877 1647
8878 1647
8879 1647
8880 1648
8881 1648
8882 1648
8883 1648
8884 1648
8885 1649
8886 1649
8887 1649
8888 1649
8889 1649
8890 1650
8891 1650
8892 1650
8893 1650
8894 1650
8895 1651
8896 1651
8897 1651
8898 1651
8899 1652
8900 1652
8901 1652
8902 1652
8903 1653
8904 1653
8905 1653
8906 1653
8907 1654
8908 1654
8909 1654
8910 1654
8911 1654
8912 1655
8913 1655
8914 1655
8915 1655
8916 1656
8917 1656
8918 1656
8919 1656
8920 1657
8921 1657
8922 1657
8923 1657
8924 1657
8925 1657
8926 1657
8927 1658
8928 1658
8929 1658
8930 1659
8931 1659
8932 1659
8933 1659
8934 1659
8935 1660
8936 1660
8937 1660
8938 1660
8939 1661
8940 1661
8941 1661
8942 1661
8943 1661
8944 1661
8945 1662
8946 1662
8947 1662
8948 1662
8949 1662
8950 1662
8951 1663
8952 1663
8953 1663
8954 1663
8955 1663
8956 1664
8957 1664
8958 1664
8959 1664
8960 1665
8961 1665
8962 1665
8963 1665
8964 1666
8965 1666
8966 1666
8967 1666
8968 1667
8969 1667
8970 1667
8971 1667
8972 1667
8973 1668
8974 1668
8975 1668
8976 1668
8977 1669
8978 1669
8979 1669
8980 1669
8981 1669
8982 1670
8983 1670
8984 1670
8985 1670
8986 1671
8987 1671
8988 1671
8989 1671
8990 1672
8991 1672
8992 1672
8993 1672
8994 1672
8995 1673
8996 1673
8997 1673
8998 1673
8999 1674
9000 1674
9001 1674
9002 1674
9003 1675
9004 1675
9005 1675
9006 1675
9007 1676
9008 1676
9009 1676
9010 1676
9011 1676
9012 1677
9013 1677
9014 1677
9015 1677
9016 1678
9017 1678
9018 1678
9019 1678
9020 1678
9021 1678
9022 1679
9023 1679
9024 1679
9025 1679
9026 1680
9027 1680
9028 1680
9029 1680
9030 1680
9031 1681
9032 1681
9033 1681
9034 1681
9035 1681
9036 1682
9037 1682
9038 1682
9039 1682
9040 1683
9041 1683
9042 1683
9043 1683
9044 1683
9045 1684
9046 1684
9047 1684
9048 1684
9049 1684
9050 1685
9051 1685
9052 1685
9053 1686
9054 1686
9055 1686
9056 1686
9057 1686
9058 1687
9059 1687
9060 1687
9061 1688
9062 1688
9063 1688
9064 1688
9065 1688
9066 1688
9067 1688
9068 1688
9069 1689
9070 1689
9071 1689
9072 1689
9073 1689
9074 1690
9075 1690
9076 1690
9077 1690
9078 1690
9079 1691
9080 1691
9081 1691
9082 1691
9083 1692
9084 1692
9085 1692
9086 1692
9087 1693
9088 1693
9089 1693
9090 1693
9091 1694
9092 1694
9093 1694
9094 1694
9095 1694
9096 1694
9097 1695
9098 1695
9099 1695
9100 1695
9101 1695
9102 1696
9103 1696
9104 1696
9105 1696
9106 1696
9107 1696
9108 1697
9109 1697
9110 1697
9111 1697
9112 1698
9113 1698
9114 1698
9115 1698
9116 1699
9117 1699
9118 1699
9119 1699
9120 1700
9121 1700
9122 1700
9123 1700
9124 1701
9125 1701
9126 1701
9127 1701
9128 1701
9129 1701
9130 1702
9131 1702
9132 1702
9133 1702
9134 1703
9135 1703
9136 1703
9137 1703
9138 1704
9139 1704
9140 1704
9141 1704
9142 1704
9143 1704
9144 1705
9145 1705
9146 1705
9147 1705
9148 1705
9149 1706
9150 1706
9151 1706
9152 1707
9153 1707
9154 1707
9155 1707
9156 1708
9157 1708
9158 1708
9159 1708
9160 1709
9161 1709
9162 1709
9163 1709
9164 1709
9165 1710
9166 1710
9167 1710
9168 1710
9169 1711
9170 1711
9171 1711
9172 1711
9173 1711
9174 1712
9175 1712
9176 1712
9177 1712
9178 1713
9179 1713
9180 1713
9181 1713
9182 1713
9183 1714
9184 1714
9185 1714
9186 1714
9187 1715
9188 1715
9189 1715
9190 1715
9191 1716
9192 1716
9193 1716
9194 1716
9195 1717
9196 1717
9197 1717
9198 1718
9199 1718
9200 1718
9201 1718
9202 1719
9203 1719
9204 1719
9205 1719
9206 1720
9207 1720
9208 1720
9209 1720
9210 1720
9211 1721
9212 1721
9213 1721
9214 1721
9215 1721
9216 1721
9217 1722
9218 1722
9219 1722
9220 1722
9221 1722
9222 1723
9223 1723
9224 1723
9225 1723
9226 1723
9227 1723
9228 1724
9229 1724
9230 1724
9231 1724
9232 1724
9233 1724
9234 1725
9235 1725
9236 1725
9237 1725
9238 1725
9239 1725
9240 1726
9241 1726
9242 1726
9243 1726
9244 1727
9245 1727
9246 1727
9247 1727
9248 1727
9249 1728
9250 1728
9251 1728
9252 1728
9253 1728
9254 1729
9255 1729
9256 1729
9257 1729
9258 1729
9259 1729
9260 1730
9261 1730
9262 1730
9263 1730
9264 1730
9265 1731
9266 1731
9267 1731
9268 1732
9269 1732
9270 1732
9271 1732
9272 1733
9273 1733
9274 1733
9275 1733
9276 1734
9277 1734
9278 1734
9279 1734
9280 1734
9281 1734
9282 1735
9283 1735
9284 1735
9285 1735
9286 1736
9287 1736
9288 1736
9289 1736
9290 1737
9291 1737
9292 1737
9293 1737
9294 1738
9295 1738
9296 1738
9297 1738
9298 1739
9299 1739
9300 1739
9301 1739
9302 1740
9303 1740
9304 1740
9305 1740
9306 1740
9307 1741
9308 1741
9309 1741
9310 1741
9311 1741
9312 1742
9313 1742
9314 1742
9315 1742
9316 1743
9317 1743
9318 1743
9319 1743
9320 1744
9321 1744
9322 1744
9323 1744
9324 1745
9325 1745
9326 1745
9327 1745
9328 1745
9329 1746
9330 1746
9331 1746
9332 1746
9333 1747
9334 1747
9335 1747
9336 1747
9337 1747
9338 1748
9339 1748
9340 1748
9341 1748
9342 1749
9343 1749
9344 1749
9345 1749
9346 1749
9347 1749
9348 1750
9349 1750
9350 1750
9351 1750
9352 1750
9353 1750
9354 1751
9355 1751
9356 1751
9357 1752
9358 1752
9359 1752
9360 1752
9361 1752
9362 1753
9363 1753
9364 1753
9365 1754
9366 1754
9367 1754
9368 1754
9369 1754
9370 1755
9371 1755
9372 1755
9373 1755
9374 1755
9375 1755
9376 1756
9377 1756
9378 1756
9379 1756
9380 1757
9381 1757
9382 1757
9383 1757
9384 1757
9385 1758
9386 1758
9387 1758
9388 1759
9389 1759
9390 1759
9391 1759
9392 1760
9393 1760
9394 1760
9395 1760
9396 1760
9397 1761
9398 1761
9399 1761
9400 1762
9401 1762
9402 1762
9403 1763
9404 1763
9405 1763
9406 1763
9407 1763
9408 1764
9409 1764
9410 1764
9411 1764
9412 1764
9413 1765
9414 1765
9415 1765
9416 1765
9417 1766
9418 1766
9419 1766
9420 1766
9421 1767
9422 1767
9423 1767
9424 1767
9425 1768
9426 1768
9427 1768
9428 1768
9429 1768
9430 1769
9431 1769
9432 1769
9433 1769
9434 1770
9435 1770
9436 1770
9437 1770
9438 1770
9439 1770
9440 1771
9441 1771
9442 1771
9443 1771
9444 1772
9445 1772
9446 1772
9447 1772
9448 1772
9449 1772
9450 1772
9451 1773
9452 1773
9453 1773
9454 1774
9455 1774
9456 1774
9457 1774
9458 1774
9459 1774
9460 1775
9461 1775
9462 1775
9463 1775
9464 1775
9465 1775
9466 1775
9467 1776
9468 1776
9469 1776
9470 1776
9471 1776
9472 1777
9473 1777
9474 1777
9475 1777
9476 1778
9477 1778
9478 1778
9479 1778
9480 1779
9481 1779
9482 1779
9483 1779
9484 1779
9485 1780
9486 1780
9487 1780
9488 1780
9489 1780
9490 1781
9491 1781
9492 1781
9493 1781
9494 1782
9495 1782
9496 1782
9497 1782
9498 1783
9499 1783
9500 1783
9501 1783
9502 1783
9503 1784
9504 1784
9505 1784
9506 1784
9507 1785
9508 1785
9509 1785
9510 1786
9511 1786
9512 1786
9513 1786
9514 1786
9515 1787
9516 1787
9517 1787
9518 1787
9519 1788
9520 1788
9521 1788
9522 1789
9523 1789
9524 1789
9525 1789
9526 1789
9527 1790
9528 1790
9529 1790
9530 1791
9531 1791
9532 1791
9533 1791
9534 1792
9535 1792
9536 1792
9537 1792
9538 1793
9539 1793
9540 1793
9541 1793
9542 1794
9543 1794
9544 1794
9545 1794
9546 1795
9547 1795
9548 1795
9549 1795
9550 1795
9551 1795
9552 1796
9553 1796
9554 1796
9555 1796
9556 1797
9557 1797
9558 1797
9559 1797
9560 1798
9561 1798
9562 1798
9563 1798
9564 1799
9565 1799
9566 1799
9567 1799
9568 1799
9569 1800
9570 1800
9571 1800
9572 1800
9573 1800
9574 1801
9575 1801
9576 1801
9577 1801
9578 1802
9579 1802
9580 1802
9581 1802
9582 1803
9583 1803
9584 1803
9585 1803
9586 1803
9587 1804
9588 1804
9589 1804
9590 1804
9591 1804
9592 1805
9593 1805
9594 1805
9595 1805
9596 1805
9597 1806
9598 1806
9599 1806
9600 1806
9601 1806
9602 1807
9603 1807
9604 1807
9605 1807
9606 1807
9607 1808
9608 1808
9609 1808
9610 1808
9611 1808
9612 1809
9613 1809
9614 1809
9615 1809
9616 1809
9617 1809
9618 1810
9619 1810
9620 1810
9621 1811
9622 1811
9623 1811
9624 1811
9625 1812
9626 1812
9627 1812
9628 1812
9629 1813
9630 1813
9631 1813
9632 1813
9633 1814
9634 1814
9635 1814
9636 1814
9637 1815
9638 1815
9639 1815
9640 1815
9641 1815
9642 1816
9643 1816
9644 1816
9645 1816
9646 1816
9647 1817
9648 1817
9649 1817
9650 1818
9651 1818
9652 1818
9653 1819
9654 1819
9655 1819
9656 1819
9657 1820
9658 1820
9659 1820
9660 1820
9661 1821
9662 1821
9663 1821
9664 1821
9665 1822
9666 1822
9667 1822
9668 1822
9669 1822
9670 1823
9671 1823
9672 1823
9673 1823
9674 1823
9675 1823
9676 1824
9677 1824
9678 1824
9679 1825
9680 1825
9681 1825
9682 1825
9683 1825
9684 1826
9685 1826
9686 1826
9687 1826
9688 1826
9689 1827
9690 1827
9691 1827
9692 1827
9693 1828
9694 1828
9695 1828
9696 1828
9697 1829
9698 1829
9699 1829
9700 1829
9701 1830
9702 1830
9703 1830
9704 1830
9705 1831
9706 1831
9707 1831
9708 1831
9709 1832
9710 1832
9711 1832
9712 1832
9713 1833
9714 1833
9715 1833
9716 1833
9717 1834
9718 1834
9719 1834
9720 1834
9721 1834
9722 1834
9723 1835
9724 1835
9725 1835
9726 1835
9727 1836
9728 1836
9729 1836
9730 1836
9731 1836
9732 1836
9733 1837
9734 1837
9735 1837
9736 1838
9737 1838
9738 1838
9739 1838
9740 1839
9741 1839
9742 1839
9743 1839
9744 1840
9745 1840
9746 1840
9747 1840
9748 1841
9749 1841
9750 1841
9751 1841
9752 1841
9753 1842
9754 1842
9755 1842
9756 1842
9757 1843
9758 1843
9759 1843
9760 1843
9761 1843
9762 1844
9763 1844
9764 1844
9765 1844
9766 1844
9767 1844
9768 1845
9769 1845
9770 1845
9771 1845
9772 1845
9773 1845
9774 1845
9775 1846
9776 1846
9777 1846
9778 1846
9779 1847
9780 1847
9781 1847
9782 1847
9783 1848
9784 1848
9785 1848
9786 1848
9787 1848
9788 1848
9789 1849
9790 1849
9791 1849
9792 1849
9793 1850
9794 1850
9795 1850
9796 1850
9797 1851
9798 1851
9799 1851
9800 1851
9801 1851
9802 1852
9803 1852
9804 1852
9805 1852
9806 1853
9807 1853
9808 1853
9809 1853
9810 1853
9811 1854
9812 1854
9813 1854
9814 1854
9815 1855
9816 1855
9817 1855
9818 1855
9819 1855
9820 1856
9821 1856
9822 1856
9823 1856
9824 1857
9825 1857
9826 1857
9827 1857
9828 1857
9829 1858
9830 1858
9831 1858
9832 1858
9833 1859
9834 1859
9835 1859
9836 1859
9837 1859
9838 1860
9839 1860
9840 1860
9841 1860
9842 1861
9843 1861
9844 1861
9845 1862
9846 1862
9847 1862
9848 1862
9849 1863
9850 1863
9851 1863
9852 1863
9853 1864
9854 1864
9855 1864
9856 1864
9857 1865
9858 1865
9859 1865
9860 1865
9861 1865
9862 1866
9863 1866
9864 1866
9865 1866
9866 1866
9867 1867
9868 1867
9869 1867
9870 1868
9871 1868
9872 1868
9873 1868
9874 1868
9875 1869
9876 1869
9877 1869
9878 1869
9879 1870
9880 1870
9881 1870
9882 1871
9883 1871
9884 1871
9885 1871
9886 1871
9887 1872
9888 1872
9889 1872
9890 1872
9891 1872
9892 1873
9893 1873
9894 1873
9895 1873
9896 1873
9897 1874
9898 1874
9899 1874
9900 1874
9901 1874
9902 1875
9903 1875
9904 1875
9905 1875
9906 1876
9907 1876
9908 1876
9909 1876
9910 1876
9911 1876
9912 1876
9913 1877
9914 1877
9915 1877
9916 1877
9917 1877
9918 1878
9919 1878
9920 1878
9921 1878
9922 1879
9923 1879
9924 1879
9925 1879
9926 1879
9927 1880
9928 1880
9929 1880
9930 1880
9931 1881
9932 1881
9933 1881
9934 1881
9935 1881
9936 1882
9937 1882
9938 1882
9939 1882
9940 1883
9941 1883
9942 1883
9943 1883
9944 1884
9945 1884
9946 1884
9947 1884
9948 1884
9949 1885
9950 1885
9951 1885
9952 1885
9953 1885
9954 1886
9955 1886
9956 1886
9957 1886
9958 1887
9959 1887
9960 1887
9961 1887
9962 1887
9963 1887
9964 1888
9965 1888
9966 1888
9967 1889
9968 1889
9969 1889
9970 1889
9971 1889
9972 1890
9973 1890
9974 1890
9975 1890
9976 1891
9977 1891
9978 1891
9979 1891
9980 1892
9981 1892
9982 1892
9983 1892
9984 1893
9985 1893
9986 1893
9987 1893
9988 1893
9989 1894
9990 1894
9991 1894
9992 1894
9993 1894
9994 1894
9995 1895
9996 1895
9997 1895
9998 1895
9999 1896
