0 0
1 0
2 0
3 0
4 0
5 0
6 0
7 0
8 0
9 0
10 0
11 0
12 0
13 0
14 0
15 0
16 0
17 0
18 0
19 0
20 0
21 0
22 0
23 0
24 0
25 0
26 0
27 0
28 0
29 0
30 0
31 0
32 0
33 0
34 0
35 0
36 0
37 0
38 0
39 0
40 0
41 0
42 0
43 0
44 0
45 0
46 0
47 0
48 0
49 0
50 0
51 0
52 0
53 0
54 0
55 0
56 0
57 0
58 0
59 0
60 0
61 0
62 0
63 0
64 0
65 0
66 0
67 0
68 0
69 0
70 0
71 0
72 0
73 0
74 0
75 0
76 0
77 0
78 0
79 0
80 0
81 0
82 0
83 0
84 0
85 0
86 0
87 0
88 0
89 0
90 0
91 0
92 0
93 0
94 0
95 0
96 0
97 0
98 0
99 0
100 0
101 0
102 0
103 0
104 0
105 0
106 0
107 0
108 0
109 0
110 0
111 0
112 0
113 0
114 0
115 0
116 0
117 0
118 0
119 0
120 0
121 0
122 0
123 0
124 0
125 0
126 0
127 0
128 0
129 0
130 0
131 0
132 0
133 0
134 0
135 0
136 0
137 0
138 0
139 0
140 0
141 0
142 0
143 0
144 0
145 0
146 0
147 0
148 0
149 0
150 0
151 0
152 0
153 0
154 0
155 0
156 0
157 0
158 0
159 0
160 0
161 0
162 0
163 0
164 0
165 0
166 0
167 0
168 0
169 0
170 0
171 0
172 0
173 0
174 0
175 0
176 0
177 0
178 0
179 0
180 0
181 0
182 0
183 0
184 0
185 0
186 0
187 0
188 0
189 0
190 0
191 0
192 0
193 0
194 0
195 0
196 0
197 0
198 0
199 0
200 0
201 0
202 0
203 0
204 0
205 0
206 0
207 0
208 0
209 0
210 0
211 0
212 0
213 0
214 0
215 0
216 0
217 0
218 0
219 0
220 0
221 0
222 0
223 0
224 0
225 0
226 0
227 0
228 0
229 0
230 0
231 0
232 0
233 0
234 0
235 0
236 0
237 0
238 0
239 0
240 0
241 0
242 0
243 0
244 0
245 0
246 0
247 0
248 0
249 0
250 0
251 0
252 0
253 0
254 0
255 0
256 0
257 0
258 0
259 0
260 0
261 0
262 0
263 0
264 0
265 0
266 0
267 0
268 0
269 0
270 0
271 0
272 0
273 0
274 0
275 0
276 0
277 0
278 0
279 0
280 0
281 0
282 0
283 0
284 0
285 0
286 0
287 0
288 0
289 0
290 0
291 0
292 0
293 0
294 0
295 0
296 0
297 0
298 0
299 0
300 0
301 0
302 0
303 0
304 0
305 0
306 0
307 0
308 0
309 0
310 0
311 0
312 0
313 0
314 0
315 0
316 0
317 0
318 0
319 0
320 0
321 0
322 0
323 0
324 0
325 0
326 0
327 0
328 0
329 0
330 0
331 0
332 0
333 0
334 0
335 0
336 0
337 0
338 0
339 0
340 0
341 0
342 0
343 0
344 0
345 0
346 0
347 0
348 0
349 0
350 0
351 0
352 0
353 0
354 0
355 0
356 0
357 0
358 0
359 0
360 0
361 0
362 0
363 0
364 0
365 0
366 0
367 0
368 0
369 0
370 0
371 0
372 0
373 0
374 0
375 0
376 0
377 0
378 0
379 0
380 0
381 0
382 0
383 0
384 0
385 0
386 0
387 0
388 0
389 0
390 1
391 1
392 1
393 1
394 1
395 1
396 1
397 1
398 1
399 1
400 1
401 1
402 1
403 1
404 1
405 1
406 1
407 1
408 1
409 1
410 1
411 1
412 1
413 1
414 1
415 1
416 1
417 1
418 1
419 1
420 1
421 1
422 1
423 1
424 1
425 1
426 1
427 1
428 1
429 1
430 1
431 1
432 1
433 1
434 1
435 1
436 1
437 1
438 1
439 1
440 1
441 1
442 1
443 1
444 1
445 1
446 1
447 1
448 1
449 1
450 1
451 1
452 2
453 2
454 2
455 2
456 2
457 2
458 2
459 2
460 2
461 2
462 2
463 2
464 2
465 2
466 2
467 2
468 2
469 2
470 2
471 2
472 2
473 2
474 2
475 2
476 2
477 2
478 2
479 2
480 2
481 2
482 2
483 2
484 2
485 2
486 2
487 3
488 3
489 3
490 3
491 3
492 3
493 3
494 3
495 3
496 3
497 3
498 3
499 3
500 3
501 3
502 3
503 3
504 3
505 3
506 3
507 3
508 3
509 3
510 3
511 3
512 3
513 3
514 3
515 3
516 3
517 3
518 3
519 3
520 4
521 4
522 4
523 4
524 4
525 4
526 4
527 4
528 4
529 4
530 4
531 4
532 4
533 4
534 4
535 4
536 4
537 4
538 4
539 4
540 4
541 4
542 4
543 4
544 4
545 5
546 5
547 5
548 5
549 5
550 5
551 5
552 5
553 5
554 5
555 5
556 5
557 5
558 5
559 5
560 5
561 5
562 5
563 5
564 5
565 5
566 5
567 5
568 5
569 6
570 6
571 6
572 6
573 6
574 6
575 6
576 6
577 6
578 6
579 6
580 6
581 6
582 6
583 6
584 6
585 6
586 6
587 6
588 6
589 6
590 6
591 6
592 6
593 6
594 6
595 6
596 6
597 7
598 7
599 7
600 7
601 7
602 7
603 7
604 7
605 7
606 7
607 7
608 7
609 7
610 7
611 7
612 7
613 7
614 7
615 7
616 7
617 7
618 7
619 7
620 8
621 8
622 8
623 8
624 8
625 8
626 8
627 8
628 8
629 8
630 8
631 8
632 8
633 8
634 8
635 8
636 8
637 9
638 9
639 9
640 9
641 9
642 9
643 9
644 9
645 9
646 9
647 9
648 9
649 9
650 9
651 9
652 9
653 9
654 9
655 9
656 9
657 9
658 10
659 10
660 10
661 10
662 10
663 10
664 10
665 10
666 10
667 10
668 10
669 10
670 10
671 10
672 11
673 11
674 11
675 11
676 11
677 11
678 11
679 11
680 11
681 11
682 11
683 11
684 11
685 11
686 11
687 11
688 11
689 11
690 12
691 12
692 12
693 12
694 12
695 12
696 12
697 12
698 12
699 12
700 12
701 12
702 12
703 12
704 12
705 12
706 12
707 12
708 12
709 13
710 13
711 13
712 13
713 13
714 13
715 13
716 13
717 13
718 13
719 13
720 14
721 14
722 14
723 14
724 14
725 14
726 14
727 14
728 14
729 14
730 14
731 15
732 15
733 15
734 15
735 15
736 15
737 15
738 15
739 15
740 15
741 15
742 16
743 16
744 16
745 16
746 16
747 16
748 16
749 16
750 16
751 17
752 17
753 17
754 17
755 17
756 17
757 17
758 17
759 17
760 18
761 18
762 18
763 18
764 18
765 18
766 18
767 18
768 18
769 19
770 19
771 19
772 19
773 19
774 19
775 19
776 19
777 19
778 19
779 19
780 20
781 20
782 20
783 20
784 20
785 20
786 20
787 20
788 21
789 21
790 21
791 21
792 21
793 21
794 21
795 21
796 21
797 21
798 21
799 21
800 21
801 21
802 22
803 22
804 22
805 22
806 22
807 22
808 22
809 22
810 22
811 23
812 23
813 23
814 23
815 23
816 23
817 23
818 23
819 24
820 24
821 24
822 24
823 24
824 24
825 24
826 24
827 25
828 25
829 25
830 25
831 25
832 25
833 25
834 25
835 25
836 25
837 25
838 25
839 26
840 26
841 26
842 26
843 26
844 26
845 26
846 26
847 26
848 26
849 27
850 27
851 27
852 27
853 27
854 27
855 27
856 27
857 27
858 28
859 28
860 28
861 28
862 28
863 28
864 28
865 28
866 28
867 28
868 29
869 29
870 29
871 29
872 29
873 29
874 29
875 29
876 29
877 29
878 30
879 30
880 30
881 30
882 30
883 30
884 30
885 30
886 30
887 31
888 31
889 31
890 31
891 31
892 31
893 31
894 31
895 31
896 32
897 32
898 32
899 32
900 32
901 32
902 32
903 32
904 32
905 33
906 33
907 33
908 33
909 33
910 33
911 33
912 33
913 33
914 34
915 34
916 34
917 34
918 34
919 34
920 34
921 34
922 35
923 35
924 35
925 35
926 35
927 35
928 35
929 35
930 35
931 36
932 36
933 36
934 36
935 36
936 36
937 36
938 37
939 37
940 37
941 37
942 37
943 37
944 37
945 38
946 38
947 38
948 38
949 38
950 38
951 38
952 38
953 38
954 38
955 38
956 38
957 39
958 39
959 39
960 39
961 39
962 39
963 40
964 40
965 40
966 40
967 40
968 40
969 41
970 41
971 41
972 41
973 41
974 41
975 41
976 42
977 42
978 42
979 42
980 42
981 42
982 43
983 43
984 43
985 43
986 43
987 43
988 43
989 44
990 44
991 44
992 44
993 44
994 44
995 44
996 44
997 45
998 45
999 45
1000 45
1001 45
1002 45
1003 45
1004 45
1005 46
1006 46
1007 46
1008 46
1009 46
1010 46
1011 46
1012 46
1013 47
1014 47
1015 47
1016 47
1017 47
1018 47
1019 47
1020 48
1021 48
1022 48
1023 48
1024 48
1025 48
1026 48
1027 49
1028 49
1029 49
1030 49
1031 49
1032 49
1033 49
1034 49
1035 50
1036 50
1037 50
1038 50
1039 50
1040 50
1041 50
1042 50
1043 51
1044 51
1045 51
1046 51
1047 51
1048 51
1049 51
1050 51
1051 51
1052 52
1053 52
1054 52
1055 52
1056 52
1057 52
1058 52
1059 52
1060 52
1061 53
1062 53
1063 53
1064 53
1065 53
1066 53
1067 54
1068 54
1069 54
1070 54
1071 54
1072 54
1073 54
1074 54
1075 55
1076 55
1077 55
1078 55
1079 55
1080 55
1081 56
1082 56
1083 56
1084 56
1085 56
1086 56
1087 56
1088 56
1089 56
1090 56
1091 57
1092 57
1093 57
1094 57
1095 57
1096 57
1097 58
1098 58
1099 58
1100 58
1101 58
1102 58
1103 58
1104 59
1105 59
1106 59
1107 59
1108 59
1109 59
1110 59
1111 60
1112 60
1113 60
1114 60
1115 60
1116 60
1117 60
1118 61
1119 61
1120 61
1121 61
1122 61
1123 61
1124 61
1125 62
1126 62
1127 62
1128 62
1129 62
1130 63
1131 63
1132 63
1133 63
1134 63
1135 63
1136 64
1137 64
1138 64
1139 64
1140 64
1141 64
1142 64
1143 65
1144 65
1145 65
1146 65
1147 65
1148 65
1149 65
1150 65
1151 66
1152 66
1153 66
1154 66
1155 66
1156 66
1157 67
1158 67
1159 67
1160 67
1161 67
1162 67
1163 67
1164 68
1165 68
1166 68
1167 68
1168 68
1169 68
1170 68
1171 69
1172 69
1173 69
1174 69
1175 69
1176 70
1177 70
1178 70
1179 70
1180 70
1181 70
1182 70
1183 70
1184 70
1185 71
1186 71
1187 71
1188 71
1189 71
1190 71
1191 72
1192 72
1193 72
1194 72
1195 72
1196 73
1197 73
1198 73
1199 73
1200 73
1201 73
1202 74
1203 74
1204 74
1205 74
1206 74
1207 74
1208 74
1209 74
1210 75
1211 75
1212 75
1213 75
1214 75
1215 75
1216 75
1217 75
1218 76
1219 76
1220 76
1221 76
1222 76
1223 76
1224 77
1225 77
1226 77
1227 77
1228 77
1229 77
1230 77
1231 78
1232 78
1233 78
1234 78
1235 78
1236 78
1237 79
1238 79
1239 79
1240 79
1241 79
1242 79
1243 80
1244 80
1245 80
1246 80
1247 80
1248 80
1249 80
1250 81
1251 81
1252 81
1253 81
1254 81
1255 81
1256 82
1257 82
1258 82
1259 82
1260 82
1261 82
1262 83
1263 83
1264 83
1265 83
1266 84
1267 84
1268 84
1269 84
1270 84
1271 85
1272 85
1273 85
1274 85
1275 85
1276 85
1277 86
1278 86
1279 86
1280 86
1281 86
1282 86
1283 87
1284 87
1285 87
1286 87
1287 88
1288 88
1289 88
1290 88
1291 88
1292 88
1293 88
1294 88
1295 89
1296 89
1297 89
1298 89
1299 89
1300 89
1301 89
1302 90
1303 90
1304 90
1305 90
1306 90
1307 90
1308 90
1309 91
1310 91
1311 91
1312 91
1313 91
1314 92
1315 92
1316 92
1317 92
1318 92
1319 92
1320 93
1321 93
1322 93
1323 93
1324 93
1325 93
1326 94
1327 94
1328 94
1329 94
1330 94
1331 95
1332 95
1333 95
1334 95
1335 95
1336 95
1337 96
1338 96
1339 96
1340 96
1341 96
1342 96
1343 97
1344 97
1345 97
1346 97
1347 97
1348 98
1349 98
1350 98
1351 98
1352 98
1353 98
1354 99
1355 99
1356 99
1357 99
1358 99
1359 100
1360 100
1361 100
1362 100
1363 100
1364 100
1365 101
1366 101
1367 101
1368 101
1369 101
1370 102
1371 102
1372 102
1373 102
1374 102
1375 103
1376 103
1377 103
1378 103
1379 103
1380 104
1381 104
1382 104
1383 104
1384 104
1385 104
1386 105
1387 105
1388 105
1389 105
1390 105
1391 105
1392 105
1393 105
1394 106
1395 106
1396 106
1397 106
1398 106
1399 107
1400 107
1401 107
1402 107
1403 107
1404 108
1405 108
1406 108
1407 108
1408 108
1409 108
1410 109
1411 109
1412 109
1413 109
1414 109
1415 110
1416 110
1417 110
1418 110
1419 110
1420 111
1421 111
1422 111
1423 111
1424 111
1425 112
1426 112
1427 112
1428 112
1429 112
1430 112
1431 113
1432 113
1433 113
1434 113
1435 113
1436 113
1437 113
1438 113
1439 114
1440 114
1441 114
1442 114
1443 114
1444 115
1445 115
1446 115
1447 115
1448 115
1449 116
1450 116
1451 116
1452 116
1453 116
1454 116
1455 116
1456 116
1457 117
1458 117
1459 117
1460 117
1461 118
1462 118
1463 118
1464 118
1465 118
1466 119
1467 119
1468 119
1469 119
1470 119
1471 120
1472 120
1473 120
1474 120
1475 120
1476 121
1477 121
1478 121
1479 121
1480 121
1481 121
1482 121
1483 122
1484 122
1485 122
1486 122
1487 122
1488 123
1489 123
1490 123
1491 123
1492 123
1493 124
1494 124
1495 124
1496 124
1497 124
1498 125
1499 125
1500 125
1501 125
1502 126
1503 126
1504 126
1505 126
1506 127
1507 127
1508 127
1509 127
1510 127
1511 128
1512 128
1513 128
1514 128
1515 129
1516 129
1517 129
1518 129
1519 129
1520 129
1521 130
1522 130
1523 130
1524 130
1525 130
1526 131
1527 131
1528 131
1529 131
1530 132
1531 132
1532 132
1533 132
1534 132
1535 132
1536 133
1537 133
1538 133
1539 133
1540 133
1541 134
1542 134
1543 134
1544 134
1545 134
1546 134
1547 135
1548 135
1549 135
1550 135
1551 135
1552 136
1553 136
1554 136
1555 136
1556 136
1557 136
1558 137
1559 137
1560 137
1561 137
1562 137
1563 138
1564 138
1565 138
1566 138
1567 139
1568 139
1569 139
1570 139
1571 139
1572 140
1573 140
1574 140
1575 140
1576 140
1577 141
1578 141
1579 141
1580 141
1581 141
1582 141
1583 142
1584 142
1585 142
1586 142
1587 142
1588 143
1589 143
1590 143
1591 143
1592 143
1593 143
1594 144
1595 144
1596 144
1597 144
1598 145
1599 145
1600 145
1601 145
1602 145
1603 146
1604 146
1605 146
1606 146
1607 146
1608 146
1609 147
1610 147
1611 147
1612 147
1613 147
1614 147
1615 148
1616 148
1617 148
1618 148
1619 148
1620 148
1621 148
1622 149
1623 149
1624 149
1625 149
1626 149
1627 149
1628 150
1629 150
1630 150
1631 150
1632 150
1633 151
1634 151
1635 151
1636 151
1637 151
1638 152
1639 152
1640 152
1641 152
1642 152
1643 152
1644 152
1645 153
1646 153
1647 153
1648 153
1649 153
1650 154
1651 154
1652 154
1653 154
1654 155
1655 155
1656 155
1657 155
1658 155
1659 156
1660 156
1661 156
1662 156
1663 157
1664 157
1665 157
1666 157
1667 157
1668 158
1669 158
1670 158
1671 158
1672 158
1673 158
1674 159
1675 159
1676 159
1677 159
1678 160
1679 160
1680 160
1681 160
1682 160
1683 161
1684 161
1685 161
1686 161
1687 161
1688 161
1689 161
1690 162
1691 162
1692 162
1693 162
1694 163
1695 163
1696 163
1697 163
1698 163
1699 163
1700 163
1701 164
1702 164
1703 164
1704 164
1705 164
1706 165
1707 165
1708 165
1709 165
1710 165
1711 165
1712 166
1713 166
1714 166
1715 166
1716 167
1717 167
1718 168
1719 168
1720 168
1721 168
1722 168
1723 168
1724 169
1725 169
1726 169
1727 170
1728 170
1729 170
1730 170
1731 170
1732 171
1733 171
1734 171
1735 171
1736 171
1737 171
1738 172
1739 172
1740 172
1741 172
1742 172
1743 172
1744 173
1745 173
1746 173
1747 173
1748 174
1749 174
1750 174
1751 174
1752 174
1753 174
1754 175
1755 175
1756 175
1757 176
1758 176
1759 176
1760 176
1761 177
1762 177
1763 177
1764 177
1765 177
1766 177
1767 178
1768 178
1769 178
1770 178
1771 178
1772 179
1773 179
1774 179
1775 179
1776 180
1777 180
1778 180
1779 180
1780 181
1781 181
1782 181
1783 181
1784 181
1785 181
1786 181
1787 182
1788 182
1789 182
1790 182
1791 182
1792 182
1793 183
1794 183
1795 183
1796 184
1797 184
1798 184
1799 184
1800 184
1801 184
1802 185
1803 185
1804 185
1805 186
1806 186
1807 186
1808 186
1809 187
1810 187
1811 187
1812 187
1813 187
1814 188
1815 188
1816 188
1817 188
1818 188
1819 189
1820 189
1821 189
1822 189
1823 189
1824 189
1825 190
1826 190
1827 190
1828 190
1829 190
1830 191
1831 191
1832 191
1833 191
1834 192
1835 192
1836 192
1837 192
1838 192
1839 193
1840 193
1841 193
1842 193
1843 193
1844 194
1845 194
1846 194
1847 194
1848 194
1849 195
1850 195
1851 195
1852 195
1853 195
1854 196
1855 196
1856 196
1857 196
1858 196
1859 197
1860 197
1861 197
1862 197
1863 198
1864 198
1865 198
1866 198
1867 199
1868 199
1869 199
1870 199
1871 199
1872 199
1873 199
1874 200
1875 200
1876 200
1877 200
1878 200
1879 201
1880 201
1881 201
1882 201
1883 202
1884 202
1885 202
1886 202
1887 202
1888 203
1889 203
1890 203
1891 203
1892 203
1893 204
1894 204
1895 204
1896 204
1897 204
1898 205
1899 205
1900 205
1901 205
1902 205
1903 206
1904 206
1905 206
1906 206
1907 207
1908 207
1909 207
1910 207
1911 208
1912 208
1913 208
1914 208
1915 208
1916 209
1917 209
1918 209
1919 209
1920 209
1921 210
1922 210
1923 210
1924 210
1925 211
1926 211
1927 211
1928 211
1929 211
1930 212
1931 212
1932 212
1933 212
1934 213
1935 213
1936 213
1937 213
1938 214
1939 214
1940 214
1941 214
1942 214
1943 215
1944 215
1945 215
1946 215
1947 216
1948 216
1949 216
1950 216
1951 217
1952 217
1953 217
1954 217
1955 217
1956 218
1957 218
1958 218
1959 218
1960 218
1961 219
1962 219
1963 219
1964 219
1965 219
1966 220
1967 220
1968 220
1969 220
1970 220
1971 220
1972 220
1973 221
1974 221
1975 221
1976 221
1977 222
1978 222
1979 222
1980 222
1981 222
1982 223
1983 223
1984 223
1985 223
1986 223
1987 223
1988 224
1989 224
1990 224
1991 224
1992 224
1993 225
1994 225
1995 225
1996 225
1997 225
1998 225
1999 226
2000 226
2001 226
2002 226
2003 227
2004 227
2005 227
2006 227
2007 228
2008 228
2009 228
2010 228
2011 229
2012 229
2013 229
2014 229
2015 229
2016 230
2017 230
2018 230
2019 230
2020 230
2021 231
2022 231
2023 231
2024 231
2025 231
2026 232
2027 232
2028 232
2029 232
2030 232
2031 233
2032 233
2033 233
2034 233
2035 234
2036 234
2037 234
2038 234
2039 234
2040 235
2041 235
2042 235
2043 235
2044 235
2045 236
2046 236
2047 236
2048 236
2049 237
2050 237
2051 237
2052 237
2053 238
2054 238
2055 238
2056 238
2057 238
2058 239
2059 239
2060 239
2061 239
2062 239
2063 240
2064 240
2065 240
2066 240
2067 240
2068 241
2069 241
2070 241
2071 241
2072 242
2073 242
2074 242
2075 242
2076 243
2077 243
2078 243
2079 243
2080 244
2081 244
2082 244
2083 244
2084 245
2085 245
2086 245
2087 245
2088 245
2089 246
2090 246
2091 246
2092 246
2093 246
2094 247
2095 247
2096 247
2097 247
2098 247
2099 248
2100 248
2101 248
2102 248
2103 248
2104 248
2105 249
2106 249
2107 249
2108 249
2109 250
2110 250
2111 250
2112 250
2113 250
2114 250
2115 250
2116 251
2117 251
2118 251
2119 251
2120 252
2121 252
2122 252
2123 252
2124 252
2125 253
2126 253
2127 253
2128 253
2129 254
2130 254
2131 254
2132 254
2133 255
2134 255
2135 255
2136 255
2137 255
2138 256
2139 256
2140 256
2141 256
2142 257
2143 257
2144 257
2145 257
2146 257
2147 258
2148 258
2149 258
2150 258
2151 258
2152 258
2153 258
2154 259
2155 259
2156 259
2157 259
2158 260
2159 260
2160 260
2161 260
2162 260
2163 261
2164 261
2165 261
2166 261
2167 261
2168 261
2169 262
2170 262
2171 262
2172 262
2173 263
2174 263
2175 263
2176 263
2177 263
2178 263
2179 264
2180 264
2181 264
2182 264
2183 264
2184 265
2185 265
2186 265
2187 265
2188 266
2189 266
2190 266
2191 266
2192 267
2193 267
2194 267
2195 267
2196 268
2197 268
2198 268
2199 268
2200 269
2201 269
2202 269
2203 269
2204 270
2205 270
2206 270
2207 270
2208 271
2209 271
2210 271
2211 271
2212 272
2213 272
2214 272
2215 272
2216 273
2217 273
2218 273
2219 273
2220 274
2221 274
2222 274
2223 274
2224 275
2225 275
2226 275
2227 275
2228 276
2229 276
2230 276
2231 276
2232 276
2233 276
2234 277
2235 277
2236 277
2237 277
2238 277
2239 277
2240 278
2241 278
2242 278
2243 278
2244 278
2245 279
2246 279
2247 279
2248 279
2249 279
2250 280
2251 280
2252 280
2253 280
2254 281
2255 281
2256 281
2257 281
2258 282
2259 282
2260 282
2261 282
2262 283
2263 283
2264 283
2265 283
2266 283
2267 284
2268 284
2269 284
2270 284
2271 284
2272 285
2273 285
2274 285
2275 285
2276 285
2277 286
2278 286
2279 286
2280 287
2281 287
2282 287
2283 287
2284 287
2285 288
2286 288
2287 288
2288 288
2289 289
2290 289
2291 289
2292 289
2293 290
2294 290
2295 290
2296 290
2297 290
2298 291
2299 291
2300 291
2301 291
2302 291
2303 292
2304 292
2305 292
2306 292
2307 292
2308 293
2309 293
2310 293
2311 293
2312 294
2313 294
2314 294
2315 294
2316 294
2317 294
2318 295
2319 295
2320 295
2321 295
2322 295
2323 296
2324 296
2325 296
2326 296
2327 297
2328 297
2329 297
2330 297
2331 298
2332 298
2333 298
2334 298
2335 298
2336 298
2337 299
2338 299
2339 299
2340 299
2341 300
2342 300
2343 300
2344 300
2345 301
2346 301
2347 301
2348 301
2349 302
2350 302
2351 302
2352 302
2353 303
2354 303
2355 303
2356 303
2357 303
2358 303
2359 304
2360 304
2361 304
2362 305
2363 305
2364 305
2365 305
2366 306
2367 306
2368 306
2369 306
2370 307
2371 307
2372 307
2373 307
2374 307
2375 307
2376 308
2377 308
2378 308
2379 309
2380 309
2381 309
2382 309
2383 309
2384 309
2385 310
2386 310
2387 310
2388 310
2389 311
2390 311
2391 311
2392 311
2393 311
2394 312
2395 312
2396 312
2397 312
2398 312
2399 313
2400 313
2401 313
2402 314
2403 314
2404 314
2405 314
2406 314
2407 315
2408 315
2409 315
2410 315
2411 316
2412 316
2413 316
2414 316
2415 317
2416 317
2417 317
2418 317
2419 318
2420 318
2421 318
2422 318
2423 319
2424 319
2425 319
2426 319
2427 320
2428 320
2429 320
2430 320
2431 321
2432 321
2433 321
2434 321
2435 322
2436 322
2437 322
2438 322
2439 322
2440 322
2441 323
2442 323
2443 323
2444 323
2445 324
2446 324
2447 324
2448 324
2449 324
2450 325
2451 325
2452 325
2453 325
2454 325
2455 326
2456 326
2457 326
2458 326
2459 327
2460 327
2461 327
2462 327
2463 328
2464 328
2465 328
2466 328
2467 328
2468 329
2469 329
2470 330
2471 330
2472 330
2473 330
2474 330
2475 330
2476 331
2477 331
2478 331
2479 331
2480 331
2481 332
2482 332
2483 332
2484 332
2485 333
2486 333
2487 333
2488 333
2489 333
2490 333
2491 334
2492 334
2493 334
2494 335
2495 335
2496 335
2497 335
2498 335
2499 336
2500 336
2501 336
2502 336
2503 337
2504 337
2505 337
2506 337
2507 338
2508 338
2509 338
2510 338
2511 338
2512 339
2513 339
2514 339
2515 339
2516 339
2517 339
2518 340
2519 340
2520 340
2521 340
2522 341
2523 341
2524 341
2525 341
2526 341
2527 342
2528 342
2529 342
2530 342
2531 342
2532 343
2533 343
2534 343
2535 344
2536 344
2537 344
2538 344
2539 345
2540 345
2541 345
2542 346
2543 346
2544 346
2545 346
2546 346
2547 346
2548 347
2549 347
2550 347
2551 347
2552 348
2553 348
2554 348
2555 348
2556 349
2557 349
2558 349
2559 349
2560 350
2561 350
2562 350
2563 350
2564 351
2565 351
2566 351
2567 351
2568 352
2569 352
2570 352
2571 352
2572 353
2573 353
2574 353
2575 353
2576 354
2577 354
2578 354
2579 354
2580 354
2581 355
2582 355
2583 355
2584 355
2585 356
2586 356
2587 356
2588 357
2589 357
2590 357
2591 357
2592 357
2593 358
2594 358
2595 358
2596 358
2597 359
2598 359
2599 359
2600 359
2601 360
2602 360
2603 360
2604 360
2605 360
2606 361
2607 361
2608 361
2609 361
2610 361
2611 362
2612 362
2613 362
2614 362
2615 363
2616 363
2617 363
2618 363
2619 364
2620 364
2621 364
2622 364
2623 365
2624 365
2625 365
2626 365
2627 366
2628 366
2629 366
2630 366
2631 367
2632 367
2633 367
2634 367
2635 367
2636 368
2637 368
2638 368
2639 368
2640 368
2641 369
2642 369
2643 369
2644 369
2645 370
2646 370
2647 370
2648 370
2649 371
2650 371
2651 371
2652 371
2653 371
2654 372
2655 372
2656 372
2657 372
2658 372
2659 372
2660 373
2661 373
2662 373
2663 373
2664 373
2665 373
2666 374
2667 374
2668 374
2669 374
2670 375
2671 375
2672 375
2673 375
2674 376
2675 376
2676 376
2677 377
2678 377
2679 377
2680 377
2681 378
2682 378
2683 378
2684 378
2685 379
2686 379
2687 379
2688 380
2689 380
2690 380
2691 380
2692 381
2693 381
2694 381
2695 381
2696 381
2697 381
2698 382
2699 382
2700 382
2701 382
2702 382
2703 383
2704 383
2705 383
2706 383
2707 384
2708 384
2709 384
2710 384
2711 385
2712 385
2713 385
2714 385
2715 385
2716 386
2717 386
2718 386
2719 386
2720 387
2721 387
2722 387
2723 387
2724 388
2725 388
2726 388
2727 388
2728 388
2729 389
2730 389
2731 389
2732 389
2733 389
2734 390
2735 390
2736 390
2737 390
2738 391
2739 391
2740 391
2741 391
2742 392
2743 392
2744 392
2745 392
2746 392
2747 393
2748 393
2749 393
2750 393
2751 393
2752 393
2753 394
2754 394
2755 394
2756 394
2757 395
2758 395
2759 395
2760 395
2761 395
2762 396
2763 396
2764 396
2765 396
2766 396
2767 397
2768 397
2769 397
2770 398
2771 398
2772 398
2773 399
2774 399
2775 399
2776 399
2777 400
2778 400
2779 400
2780 400
2781 401
2782 401
2783 401
2784 402
2785 402
2786 402
2787 403
2788 403
2789 403
2790 403
2791 403
2792 404
2793 404
2794 404
2795 405
2796 405
2797 405
2798 405
2799 406
2800 406
2801 406
2802 406
2803 407
2804 407
2805 407
2806 407
2807 408
2808 408
2809 408
2810 408
2811 409
2812 409
2813 409
2814 409
2815 409
2816 409
2817 410
2818 410
2819 410
2820 410
2821 411
2822 411
2823 411
2824 411
2825 412
2826 412
2827 412
2828 413
2829 413
2830 413
2831 413
2832 413
2833 414
2834 414
2835 414
2836 414
2837 414
2838 415
2839 415
2840 415
2841 415
2842 416
2843 416
2844 416
2845 417
2846 417
2847 417
2848 417
2849 417
2850 418
2851 418
2852 418
2853 418
2854 418
2855 419
2856 419
2857 419
2858 419
2859 420
2860 420
2861 420
2862 420
2863 420
2864 421
2865 421
2866 421
2867 421
2868 421
2869 422
2870 422
2871 422
2872 423
2873 423
2874 423
2875 423
2876 423
2877 424
2878 424
2879 424
2880 424
2881 425
2882 425
2883 425
2884 425
2885 426
2886 426
2887 426
2888 426
2889 426
2890 427
2891 427
2892 427
2893 427
2894 427
2895 428
2896 428
2897 428
2898 429
2899 429
2900 429
2901 429
2902 429
2903 430
2904 430
2905 430
2906 430
2907 431
2908 431
2909 431
2910 431
2911 431
2912 432
2913 432
2914 432
2915 432
2916 433
2917 433
2918 433
2919 433
2920 434
2921 434
2922 434
2923 434
2924 435
2925 435
2926 435
2927 435
2928 435
2929 436
2930 436
2931 436
2932 436
2933 437
2934 437
2935 437
2936 438
2937 438
2938 438
2939 439
2940 439
2941 439
2942 439
2943 439
2944 440
2945 440
2946 440
2947 440
2948 440
2949 440
2950 441
2951 441
2952 441
2953 441
2954 441
2955 442
2956 442
2957 442
2958 443
2959 443
2960 443
2961 443
2962 443
2963 443
2964 444
2965 444
2966 444
2967 444
2968 444
2969 445
2970 445
2971 445
2972 445
2973 445
2974 445
2975 446
2976 446
2977 446
2978 446
2979 447
2980 447
2981 447
2982 447
2983 447
2984 448
2985 448
2986 448
2987 448
2988 449
2989 449
2990 449
2991 449
2992 450
2993 450
2994 450
2995 450
2996 450
2997 451
2998 451
2999 451
3000 451
3001 452
3002 452
3003 452
3004 452
3005 453
3006 453
3007 453
3008 454
3009 454
3010 454
3011 454
3012 454
3013 455
3014 455
3015 455
3016 455
3017 456
3018 456
3019 456
3020 456
3021 456
3022 456
3023 457
3024 457
3025 457
3026 457
3027 458
3028 458
3029 458
3030 458
3031 458
3032 459
3033 459
3034 459
3035 459
3036 460
3037 460
3038 460
3039 460
3040 460
3041 461
3042 461
3043 461
3044 462
3045 462
3046 462
3047 462
3048 463
3049 463
3050 463
3051 463
3052 463
3053 464
3054 464
3055 464
3056 464
3057 464
3058 465
3059 465
3060 465
3061 465
3062 465
3063 466
3064 466
3065 466
3066 466
3067 466
3068 466
3069 467
3070 467
3071 467
3072 467
3073 467
3074 468
3075 468
3076 468
3077 468
3078 469
3079 469
3080 469
3081 469
3082 469
3083 470
3084 470
3085 470
3086 471
3087 471
3088 471
3089 471
3090 472
3091 472
3092 472
3093 472
3094 472
3095 472
3096 473
3097 473
3098 473
3099 474
3100 474
3101 474
3102 474
3103 475
3104 475
3105 475
3106 476
3107 476
3108 476
3109 476
3110 477
3111 477
3112 477
3113 477
3114 477
3115 478
3116 478
3117 478
3118 479
3119 479
3120 479
3121 479
3122 479
3123 480
3124 480
3125 480
3126 480
3127 480
3128 481
3129 481
3130 481
3131 481
3132 481
3133 481
3134 482
3135 482
3136 482
3137 482
3138 482
3139 482
3140 483
3141 483
3142 483
3143 483
3144 483
3145 484
3146 484
3147 484
3148 484
3149 484
3150 485
3151 485
3152 485
3153 485
3154 485
3155 486
3156 486
3157 486
3158 486
3159 487
3160 487
3161 487
3162 488
3163 488
3164 488
3165 488
3166 488
3167 489
3168 489
3169 489
3170 489
3171 490
3172 490
3173 490
3174 490
3175 491
3176 491
3177 491
3178 492
3179 492
3180 492
3181 492
3182 493
3183 493
3184 493
3185 493
3186 494
3187 494
3188 494
3189 495
3190 495
3191 495
3192 495
3193 496
3194 496
3195 496
3196 496
3197 497
3198 497
3199 497
3200 497
3201 497
3202 497
3203 498
3204 498
3205 498
3206 498
3207 499
3208 499
3209 499
3210 499
3211 500
3212 500
3213 500
3214 501
3215 501
3216 501
3217 502
3218 502
3219 502
3220 502
3221 502
3222 503
3223 503
3224 503
3225 503
3226 504
3227 504
3228 504
3229 504
3230 504
3231 505
3232 505
3233 505
3234 505
3235 505
3236 506
3237 506
3238 506
3239 506
3240 507
3241 507
3242 507
3243 508
3244 508
3245 508
3246 508
3247 508
3248 509
3249 509
3250 509
3251 510
3252 510
3253 510
3254 510
3255 511
3256 511
3257 511
3258 511
3259 512
3260 512
3261 512
3262 512
3263 513
3264 513
3265 513
3266 513
3267 514
3268 514
3269 514
3270 514
3271 515
3272 515
3273 515
3274 515
3275 515
3276 516
3277 516
3278 516
3279 516
3280 517
3281 517
3282 517
3283 518
3284 518
3285 518
3286 518
3287 519
3288 519
3289 519
3290 519
3291 519
3292 519
3293 520
3294 520
3295 520
3296 520
3297 520
3298 521
3299 521
3300 521
3301 521
3302 522
3303 522
3304 522
3305 523
3306 523
3307 523
3308 523
3309 523
3310 524
3311 524
3312 524
3313 524
3314 525
3315 525
3316 525
3317 525
3318 525
3319 526
3320 526
3321 526
3322 526
3323 527
3324 527
3325 527
3326 527
3327 527
3328 528
3329 528
3330 528
3331 528
3332 528
3333 529
3334 529
3335 529
3336 529
3337 530
3338 530
3339 530
3340 530
3341 531
3342 531
3343 531
3344 531
3345 532
3346 532
3347 532
3348 532
3349 532
3350 533
3351 533
3352 533
3353 533
3354 534
3355 534
3356 534
3357 534
3358 535
3359 535
3360 535
3361 535
3362 536
3363 536
3364 536
3365 536
3366 536
3367 537
3368 537
3369 537
3370 537
3371 538
3372 538
3373 538
3374 538
3375 538
3376 539
3377 539
3378 539
3379 539
3380 539
3381 539
3382 540
3383 540
3384 540
3385 540
3386 541
3387 541
3388 541
3389 541
3390 542
3391 542
3392 542
3393 542
3394 543
3395 543
3396 543
3397 543
3398 544
3399 544
3400 544
3401 544
3402 544
3403 545
3404 545
3405 545
3406 545
3407 545
3408 546
3409 546
3410 546
3411 546
3412 547
3413 547
3414 547
3415 547
3416 547
3417 548
3418 548
3419 548
3420 549
3421 549
3422 549
3423 550
3424 550
3425 550
3426 550
3427 550
3428 551
3429 551
3430 551
3431 551
3432 552
3433 552
3434 552
3435 552
3436 552
3437 553
3438 553
3439 553
3440 553
3441 554
3442 554
3443 554
3444 554
3445 554
3446 554
3447 555
3448 555
3449 555
3450 555
3451 556
3452 556
3453 556
3454 556
3455 557
3456 557
3457 557
3458 557
3459 557
3460 558
3461 558
3462 558
3463 558
3464 559
3465 559
3466 559
3467 559
3468 559
3469 560
3470 560
3471 560
3472 560
3473 560
3474 561
3475 561
3476 561
3477 561
3478 561
3479 561
3480 562
3481 562
3482 562
3483 562
3484 562
3485 562
3486 563
3487 563
3488 563
3489 564
3490 564
3491 564
3492 564
3493 564
3494 565
3495 565
3496 565
3497 565
3498 565
3499 566
3500 566
3501 566
3502 567
3503 567
3504 567
3505 567
3506 568
3507 568
3508 568
3509 568
3510 569
3511 569
3512 569
3513 569
3514 570
3515 570
3516 570
3517 570
3518 570
3519 571
3520 571
3521 571
3522 571
3523 571
3524 572
3525 572
3526 572
3527 572
3528 572
3529 573
3530 573
3531 573
3532 573
3533 574
3534 574
3535 574
3536 574
3537 574
3538 575
3539 575
3540 575
3541 575
3542 576
3543 576
3544 576
3545 576
3546 577
3547 577
3548 577
3549 578
3550 578
3551 578
3552 578
3553 579
3554 579
3555 579
3556 579
3557 580
3558 580
3559 580
3560 580
3561 580
3562 581
3563 581
3564 581
3565 582
3566 582
3567 582
3568 582
3569 582
3570 583
3571 583
3572 583
3573 583
3574 584
3575 584
3576 584
3577 584
3578 584
3579 585
3580 585
3581 585
3582 585
3583 586
3584 586
3585 586
3586 586
3587 586
3588 587
3589 587
3590 587
3591 587
3592 587
3593 588
3594 588
3595 588
3596 588
3597 589
3598 589
3599 589
3600 589
3601 589
3602 590
3603 590
3604 590
3605 591
3606 591
3607 591
3608 592
3609 592
3610 592
3611 592
3612 592
3613 593
3614 593
3615 593
3616 593
3617 594
3618 594
3619 594
3620 594
3621 594
3622 595
3623 595
3624 596
3625 596
3626 596
3627 596
3628 596
3629 596
3630 597
3631 597
3632 597
3633 597
3634 597
3635 598
3636 598
3637 598
3638 598
3639 599
3640 599
3641 599
3642 599
3643 600
3644 600
3645 600
3646 600
3647 600
3648 601
3649 601
3650 601
3651 601
3652 602
3653 602
3654 602
3655 602
3656 603
3657 603
3658 603
3659 603
3660 603
3661 604
3662 604
3663 604
3664 605
3665 605
3666 605
3667 605
3668 606
3669 606
3670 606
3671 606
3672 606
3673 607
3674 607
3675 607
3676 607
3677 607
3678 608
3679 608
3680 608
3681 609
3682 609
3683 609
3684 609
3685 609
3686 610
3687 610
3688 610
3689 611
3690 611
3691 611
3692 611
3693 611
3694 612
3695 612
3696 612
3697 613
3698 613
3699 613
3700 613
3701 613
3702 614
3703 614
3704 614
3705 614
3706 614
3707 615
3708 615
3709 615
3710 615
3711 615
3712 616
3713 616
3714 616
3715 616
3716 617
3717 617
3718 617
3719 617
3720 618
3721 618
3722 618
3723 619
3724 619
3725 619
3726 619
3727 620
3728 620
3729 620
3730 620
3731 621
3732 621
3733 621
3734 621
3735 621
3736 622
3737 622
3738 622
3739 622
3740 623
3741 623
3742 623
3743 623
3744 623
3745 623
3746 624
3747 624
3748 624
3749 625
3750 625
3751 625
3752 626
3753 626
3754 626
3755 626
3756 627
3757 627
3758 627
3759 627
3760 627
3761 628
3762 628
3763 628
3764 628
3765 628
3766 629
3767 629
3768 629
3769 629
3770 630
3771 630
3772 630
3773 631
3774 631
3775 631
3776 632
3777 632
3778 632
3779 632
3780 632
3781 633
3782 633
3783 633
3784 633
3785 633
3786 633
3787 634
3788 634
3789 634
3790 634
3791 634
3792 635
3793 635
3794 635
3795 636
3796 636
3797 636
3798 636
3799 637
3800 637
3801 637
3802 637
3803 637
3804 638
3805 638
3806 638
3807 638
3808 638
3809 639
3810 639
3811 639
3812 639
3813 639
3814 640
3815 640
3816 640
3817 640
3818 641
3819 641
3820 641
3821 641
3822 641
3823 642
3824 642
3825 642
3826 643
3827 643
3828 643
3829 643
3830 643
3831 643
3832 644
3833 644
3834 644
3835 644
3836 645
3837 645
3838 645
3839 645
3840 646
3841 646
3842 646
3843 647
3844 647
3845 647
3846 648
3847 648
3848 648
3849 648
3850 649
3851 649
3852 649
3853 649
3854 650
3855 650
3856 650
3857 650
3858 651
3859 651
3860 651
3861 651
3862 651
3863 652
3864 652
3865 652
3866 652
3867 652
3868 652
3869 653
3870 653
3871 653
3872 653
3873 654
3874 654
3875 654
3876 654
3877 655
3878 655
3879 655
3880 655
3881 656
3882 656
3883 656
3884 656
3885 657
3886 657
3887 657
3888 657
3889 657
3890 658
3891 658
3892 658
3893 659
3894 659
3895 659
3896 659
3897 660
3898 660
3899 660
3900 660
3901 660
3902 660
3903 661
3904 661
3905 661
3906 662
3907 662
3908 662
3909 662
3910 663
3911 663
3912 663
3913 663
3914 663
3915 664
3916 664
3917 664
3918 664
3919 664
3920 665
3921 665
3922 665
3923 666
3924 666
3925 666
3926 666
3927 667
3928 667
3929 667
3930 667
3931 668
3932 668
3933 668
3934 668
3935 669
3936 669
3937 669
3938 669
3939 670
3940 670
3941 670
3942 671
3943 671
3944 671
3945 671
3946 671
3947 672
3948 672
3949 672
3950 673
3951 673
3952 673
3953 674
3954 674
3955 674
3956 675
3957 675
3958 675
3959 675
3960 675
3961 676
3962 676
3963 676
3964 676
3965 677
3966 677
3967 677
3968 677
3969 677
3970 678
3971 678
3972 678
3973 678
3974 678
3975 679
3976 679
3977 679
3978 679
3979 680
3980 680
3981 680
3982 680
3983 680
3984 681
3985 681
3986 681
3987 681
3988 682
3989 682
3990 682
3991 682
3992 682
3993 682
3994 683
3995 683
3996 683
3997 683
3998 684
3999 684
4000 684
4001 684
4002 684
4003 685
4004 685
4005 685
4006 685
4007 686
4008 686
4009 686
4010 686
4011 686
4012 687
4013 687
4014 687
4015 687
4016 688
4017 688
4018 688
4019 689
4020 689
4021 689
4022 690
4023 690
4024 690
4025 691
4026 691
4027 691
4028 692
4029 692
4030 692
4031 692
4032 692
4033 693
4034 693
4035 693
4036 694
4037 694
4038 694
4039 694
4040 694
4041 694
4042 695
4043 695
4044 695
4045 695
4046 696
4047 696
4048 696
4049 697
4050 697
4051 697
4052 697
4053 697
4054 698
4055 698
4056 698
4057 698
4058 699
4059 699
4060 700
4061 700
4062 700
4063 700
4064 700
4065 701
4066 701
4067 701
4068 701
4069 701
4070 702
4071 702
4072 702
4073 702
4074 702
4075 703
4076 703
4077 703
4078 704
4079 704
4080 704
4081 704
4082 705
4083 705
4084 705
4085 705
4086 705
4087 706
4088 706
4089 706
4090 707
4091 707
4092 707
4093 707
4094 707
4095 708
4096 708
4097 708
4098 708
4099 709
4100 709
4101 709
4102 709
4103 710
4104 710
4105 710
4106 710
4107 711
4108 711
4109 711
4110 712
4111 712
4112 712
4113 712
4114 713
4115 713
4116 713
4117 713
4118 714
4119 714
4120 714
4121 714
4122 714
4123 715
4124 715
4125 715
4126 715
4127 716
4128 716
4129 716
4130 716
4131 716
4132 717
4133 717
4134 717
4135 718
4136 718
4137 718
4138 718
4139 719
4140 719
4141 719
4142 719
4143 719
4144 720
4145 720
4146 720
4147 721
4148 721
4149 721
4150 721
4151 721
4152 722
4153 722
4154 722
4155 722
4156 723
4157 723
4158 723
4159 723
4160 724
4161 724
4162 724
4163 724
4164 724
4165 725
4166 725
4167 725
4168 726
4169 726
4170 726
4171 726
4172 727
4173 727
4174 727
4175 727
4176 727
4177 727
4178 728
4179 728
4180 728
4181 728
4182 729
4183 729
4184 729
4185 729
4186 729
4187 730
4188 730
4189 730
4190 730
4191 731
4192 731
4193 731
4194 731
4195 731
4196 732
4197 732
4198 732
4199 732
4200 733
4201 733
4202 733
4203 733
4204 734
4205 734
4206 734
4207 734
4208 734
4209 735
4210 735
4211 735
4212 736
4213 736
4214 736
4215 736
4216 736
4217 737
4218 737
4219 737
4220 737
4221 738
4222 738
4223 738
4224 738
4225 739
4226 739
4227 739
4228 739
4229 739
4230 740
4231 740
4232 740
4233 740
4234 741
4235 741
4236 741
4237 741
4238 741
4239 742
4240 742
4241 742
4242 742
4243 743
4244 743
4245 743
4246 743
4247 744
4248 744
4249 744
4250 744
4251 745
4252 745
4253 745
4254 746
4255 746
4256 746
4257 746
4258 747
4259 747
4260 747
4261 747
4262 748
4263 748
4264 748
4265 749
4266 749
4267 749
4268 749
4269 750
4270 750
4271 750
4272 751
4273 751
4274 751
4275 751
4276 751
4277 752
4278 752
4279 752
4280 753
4281 753
4282 753
4283 753
4284 754
4285 754
4286 754
4287 754
4288 754
4289 755
4290 755
4291 755
4292 755
4293 755
4294 756
4295 756
4296 756
4297 756
4298 756
4299 757
4300 757
4301 757
4302 757
4303 758
4304 758
4305 758
4306 758
4307 759
4308 759
4309 759
4310 759
4311 760
4312 760
4313 760
4314 760
4315 760
4316 760
4317 761
4318 761
4319 761
4320 761
4321 762
4322 762
4323 762
4324 762
4325 762
4326 763
4327 763
4328 763
4329 763
4330 764
4331 764
4332 764
4333 764
4334 764
4335 765
4336 765
4337 765
4338 765
4339 766
4340 766
4341 766
4342 766
4343 767
4344 767
4345 767
4346 768
4347 768
4348 768
4349 768
4350 768
4351 769
4352 769
4353 769
4354 769
4355 769
4356 770
4357 770
4358 770
4359 770
4360 771
4361 771
4362 771
4363 772
4364 772
4365 772
4366 772
4367 772
4368 772
4369 773
4370 773
4371 773
4372 773
4373 773
4374 774
4375 774
4376 774
4377 775
4378 775
4379 775
4380 775
4381 776
4382 776
4383 776
4384 776
4385 776
4386 777
4387 777
4388 777
4389 777
4390 777
4391 778
4392 778
4393 778
4394 779
4395 779
4396 779
4397 780
4398 780
4399 780
4400 781
4401 781
4402 781
4403 781
4404 781
4405 781
4406 782
4407 782
4408 782
4409 783
4410 783
4411 783
4412 783
4413 783
4414 784
4415 784
4416 784
4417 785
4418 785
4419 785
4420 785
4421 786
4422 786
4423 786
4424 787
4425 787
4426 787
4427 787
4428 787
4429 788
4430 788
4431 788
4432 788
4433 788
4434 789
4435 789
4436 789
4437 790
4438 790
4439 790
4440 791
4441 791
4442 791
4443 791
4444 792
4445 792
4446 792
4447 792
4448 793
4449 793
4450 793
4451 793
4452 793
4453 794
4454 794
4455 794
4456 794
4457 795
4458 795
4459 795
4460 796
4461 796
4462 796
4463 796
4464 796
4465 796
4466 797
4467 797
4468 797
4469 797
4470 797
4471 798
4472 798
4473 798
4474 798
4475 799
4476 799
4477 799
4478 799
4479 799
4480 800
4481 800
4482 800
4483 801
4484 801
4485 801
4486 801
4487 801
4488 802
4489 802
4490 802
4491 802
4492 803
4493 803
4494 803
4495 803
4496 804
4497 804
4498 804
4499 805
4500 805
4501 805
4502 805
4503 805
4504 805
4505 806
4506 806
4507 806
4508 806
4509 806
4510 807
4511 807
4512 807
4513 807
4514 808
4515 808
4516 808
4517 808
4518 809
4519 809
4520 809
4521 809
4522 810
4523 810
4524 810
4525 811
4526 811
4527 811
4528 812
4529 812
4530 812
4531 812
4532 813
4533 813
4534 813
4535 813
4536 813
4537 813
4538 814
4539 814
4540 814
4541 814
4542 815
4543 815
4544 815
4545 815
4546 816
4547 816
4548 816
4549 816
4550 817
4551 817
4552 817
4553 817
4554 818
4555 818
4556 818
4557 818
4558 818
4559 819
4560 819
4561 819
4562 820
4563 820
4564 820
4565 820
4566 821
4567 821
4568 821
4569 821
4570 821
4571 822
4572 822
4573 822
4574 822
4575 823
4576 823
4577 823
4578 823
4579 824
4580 824
4581 824
4582 824
4583 825
4584 825
4585 825
4586 825
4587 826
4588 826
4589 826
4590 826
4591 826
4592 827
4593 827
4594 827
4595 827
4596 827
4597 828
4598 828
4599 828
4600 828
4601 829
4602 829
4603 829
4604 829
4605 830
4606 830
4607 830
4608 830
4609 831
4610 831
4611 831
4612 831
4613 831
4614 832
4615 832
4616 832
4617 832
4618 833
4619 833
4620 833
4621 833
4622 833
4623 834
4624 834
4625 834
4626 834
4627 835
4628 835
4629 835
4630 835
4631 835
4632 836
4633 836
4634 836
4635 836
4636 837
4637 837
4638 837
4639 837
4640 838
4641 838
4642 838
4643 838
4644 838
4645 839
4646 839
4647 839
4648 839
4649 840
4650 840
4651 840
4652 840
4653 841
4654 841
4655 841
4656 841
4657 841
4658 842
4659 842
4660 842
4661 842
4662 842
4663 843
4664 843
4665 843
4666 843
4667 844
4668 844
4669 844
4670 844
4671 845
4672 845
4673 845
4674 845
4675 846
4676 846
4677 846
4678 846
4679 847
4680 847
4681 847
4682 847
4683 848
4684 848
4685 848
4686 848
4687 849
4688 849
4689 849
4690 849
4691 850
4692 850
4693 850
4694 850
4695 851
4696 851
4697 851
4698 851
4699 852
4700 852
4701 852
4702 852
4703 853
4704 853
4705 853
4706 853
4707 853
4708 854
4709 854
4710 854
4711 854
4712 855
4713 855
4714 855
4715 855
4716 855
4717 856
4718 856
4719 856
4720 857
4721 857
4722 857
4723 857
4724 857
4725 857
4726 858
4727 858
4728 858
4729 858
4730 859
4731 859
4732 859
4733 859
4734 859
4735 860
4736 860
4737 860
4738 860
4739 861
4740 861
4741 861
4742 861
4743 862
4744 862
4745 862
4746 863
4747 863
4748 863
4749 863
4750 863
4751 864
4752 864
4753 864
4754 864
4755 864
4756 865
4757 865
4758 865
4759 865
4760 865
4761 866
4762 866
4763 866
4764 867
4765 867
4766 867
4767 868
4768 868
4769 868
4770 868
4771 868
4772 868
4773 869
4774 869
4775 869
4776 869
4777 870
4778 870
4779 870
4780 870
4781 871
4782 871
4783 871
4784 872
4785 872
4786 872
4787 872
4788 872
4789 873
4790 873
4791 873
4792 873
4793 874
4794 874
4795 874
4796 875
4797 875
4798 875
4799 875
4800 876
4801 876
4802 876
4803 876
4804 876
4805 877
4806 877
4807 877
4808 878
4809 878
4810 878
4811 878
4812 878
4813 878
4814 878
4815 878
4816 879
4817 879
4818 880
4819 880
4820 880
4821 881
4822 881
4823 881
4824 881
4825 882
4826 882
4827 882
4828 882
4829 882
4830 883
4831 883
4832 883
4833 883
4834 883
4835 884
4836 884
4837 884
4838 884
4839 884
4840 885
4841 885
4842 885
4843 885
4844 886
4845 886
4846 886
4847 886
4848 887
4849 887
4850 887
4851 888
4852 888
4853 888
4854 888
4855 889
4856 889
4857 889
4858 890
4859 890
4860 890
4861 890
4862 891
4863 891
4864 891
4865 891
4866 892
4867 892
4868 892
4869 892
4870 893
4871 893
4872 893
4873 893
4874 893
4875 894
4876 894
4877 894
4878 894
4879 895
4880 895
4881 895
4882 895
4883 895
4884 896
4885 896
4886 896
4887 896
4888 897
4889 897
4890 897
4891 897
4892 897
4893 898
4894 898
4895 898
4896 898
4897 899
4898 899
4899 899
4900 899
4901 899
4902 900
4903 900
4904 900
4905 900
4906 900
4907 901
4908 901
4909 901
4910 902
4911 902
4912 902
4913 902
4914 902
4915 903
4916 903
4917 903
4918 904
4919 904
4920 904
4921 905
4922 905
4923 905
4924 905
4925 906
4926 906
4927 906
4928 906
4929 907
4930 907
4931 907
4932 907
4933 908
4934 908
4935 908
4936 908
4937 908
4938 909
4939 909
4940 909
4941 910
4942 910
4943 910
4944 911
4945 911
4946 911
4947 912
4948 912
4949 912
4950 912
4951 912
4952 913
4953 913
4954 913
4955 913
4956 914
4957 914
4958 914
4959 914
4960 915
4961 915
4962 915
4963 915
4964 915
4965 916
4966 916
4967 916
4968 916
4969 917
4970 917
4971 917
4972 917
4973 917
4974 918
4975 918
4976 918
4977 918
4978 918
4979 919
4980 919
4981 919
4982 919
4983 920
4984 920
4985 920
4986 920
4987 920
4988 921
4989 921
4990 921
4991 921
4992 921
4993 922
4994 922
4995 922
4996 923
4997 923
4998 923
4999 923
5000 924
5001 924
5002 924
5003 924
5004 925
5005 925
5006 925
5007 925
5008 925
5009 926
5010 926
5011 926
5012 927
5013 927
5014 927
5015 927
5016 928
5017 928
5018 928
5019 929
5020 929
5021 929
5022 929
5023 929
5024 930
5025 930
5026 931
5027 931
5028 931
5029 931
5030 932
5031 932
5032 932
5033 932
5034 932
5035 933
5036 933
5037 933
5038 933
5039 934
5040 934
5041 934
5042 934
5043 934
5044 934
5045 935
5046 935
5047 935
5048 936
5049 936
5050 936
5051 936
5052 937
5053 937
5054 937
5055 937
5056 937
5057 938
5058 938
5059 938
5060 938
5061 939
5062 939
5063 939
5064 939
5065 940
5066 940
5067 940
5068 940
5069 940
5070 940
5071 941
5072 941
5073 941
5074 941
5075 941
5076 942
5077 942
5078 942
5079 942
5080 942
5081 943
5082 943
5083 943
5084 943
5085 943
5086 944
5087 944
5088 944
5089 944
5090 944
5091 945
5092 945
5093 945
5094 945
5095 946
5096 946
5097 946
5098 946
5099 946
5100 947
5101 947
5102 947
5103 947
5104 948
5105 948
5106 948
5107 948
5108 949
5109 949
5110 949
5111 949
5112 950
5113 950
5114 950
5115 950
5116 951
5117 951
5118 951
5119 952
5120 952
5121 952
5122 952
5123 953
5124 953
5125 953
5126 954
5127 954
5128 954
5129 954
5130 955
5131 955
5132 955
5133 955
5134 956
5135 956
5136 956
5137 956
5138 957
5139 957
5140 957
5141 957
5142 958
5143 958
5144 958
5145 959
5146 959
5147 959
5148 959
5149 959
5150 960
5151 960
5152 960
5153 960
5154 961
5155 961
5156 961
5157 961
5158 962
5159 962
5160 962
5161 963
5162 963
5163 963
5164 963
5165 963
5166 964
5167 964
5168 964
5169 965
5170 965
5171 965
5172 965
5173 965
5174 966
5175 966
5176 966
5177 967
5178 967
5179 967
5180 968
5181 968
5182 968
5183 968
5184 968
5185 969
5186 969
5187 969
5188 969
5189 970
5190 970
5191 970
5192 970
5193 971
5194 971
5195 971
5196 971
5197 971
5198 972
5199 972
5200 972
5201 972
5202 972
5203 973
5204 973
5205 973
5206 973
5207 973
5208 974
5209 974
5210 974
5211 974
5212 975
5213 975
5214 975
5215 975
5216 976
5217 976
5218 976
5219 976
5220 976
5221 977
5222 977
5223 977
5224 977
5225 977
5226 978
5227 978
5228 978
5229 979
5230 979
5231 979
5232 979
5233 980
5234 980
5235 980
5236 980
5237 981
5238 981
5239 981
5240 981
5241 982
5242 982
5243 982
5244 982
5245 983
5246 983
5247 983
5248 983
5249 984
5250 984
5251 984
5252 984
5253 984
5254 985
5255 985
5256 985
5257 985
5258 986
5259 986
5260 986
5261 986
5262 987
5263 987
5264 987
5265 987
5266 988
5267 988
5268 988
5269 988
5270 988
5271 989
5272 989
5273 989
5274 989
5275 990
5276 990
5277 990
5278 990
5279 991
5280 991
5281 991
5282 991
5283 992
5284 992
5285 992
5286 992
5287 992
5288 992
5289 993
5290 993
5291 993
5292 993
5293 994
5294 994
5295 994
5296 994
5297 995
5298 995
5299 995
5300 995
5301 996
5302 996
5303 996
5304 997
5305 997
5306 997
5307 998
5308 998
5309 998
5310 998
5311 999
5312 999
5313 999
5314 999
5315 999
5316 1000
5317 1000
5318 1000
5319 1001
5320 1001
5321 1001
5322 1001
5323 1002
5324 1002
5325 1002
5326 1002
5327 1003
5328 1003
5329 1003
5330 1003
5331 1004
5332 1004
5333 1004
5334 1004
5335 1005
5336 1005
5337 1005
5338 1005
5339 1005
5340 1006
5341 1006
5342 1006
5343 1006
5344 1007
5345 1007
5346 1007
5347 1008
5348 1008
5349 1008
5350 1008
5351 1009
5352 1009
5353 1009
5354 1009
5355 1009
5356 1010
5357 1010
5358 1010
5359 1010
5360 1011
5361 1011
5362 1011
5363 1011
5364 1011
5365 1012
5366 1012
5367 1012
5368 1013
5369 1013
5370 1013
5371 1013
5372 1014
5373 1014
5374 1014
5375 1014
5376 1015
5377 1015
5378 1015
5379 1016
5380 1016
5381 1016
5382 1016
5383 1017
5384 1017
5385 1017
5386 1017
5387 1017
5388 1018
5389 1018
5390 1018
5391 1019
5392 1019
5393 1019
5394 1019
5395 1020
5396 1020
5397 1020
5398 1021
5399 1021
5400 1021
5401 1022
5402 1022
5403 1022
5404 1022
5405 1022
5406 1023
5407 1023
5408 1023
5409 1023
5410 1024
5411 1024
5412 1024
5413 1024
5414 1025
5415 1025
5416 1025
5417 1025
5418 1026
5419 1026
5420 1027
5421 1027
5422 1027
5423 1027
5424 1028
5425 1028
5426 1028
5427 1028
5428 1029
5429 1029
5430 1029
5431 1030
5432 1030
5433 1030
5434 1030
5435 1030
5436 1030
5437 1031
5438 1031
5439 1031
5440 1031
5441 1031
5442 1032
5443 1032
5444 1032
5445 1033
5446 1033
5447 1033
5448 1033
5449 1034
5450 1034
5451 1034
5452 1034
5453 1034
5454 1035
5455 1035
5456 1035
5457 1035
5458 1036
5459 1036
5460 1036
5461 1036
5462 1036
5463 1037
5464 1037
5465 1037
5466 1037
5467 1037
5468 1038
5469 1038
5470 1038
5471 1038
5472 1038
5473 1038
5474 1039
5475 1039
5476 1039
5477 1039
5478 1039
5479 1039
5480 1039
5481 1040
5482 1040
5483 1040
5484 1041
5485 1041
5486 1041
5487 1041
5488 1042
5489 1042
5490 1042
5491 1042
5492 1043
5493 1043
5494 1043
5495 1043
5496 1043
5497 1044
5498 1044
5499 1044
5500 1045
5501 1045
5502 1045
5503 1046
5504 1046
5505 1046
5506 1046
5507 1046
5508 1047
5509 1047
5510 1047
5511 1048
5512 1048
5513 1048
5514 1048
5515 1048
5516 1048
5517 1049
5518 1049
5519 1049
5520 1049
5521 1050
5522 1050
5523 1050
5524 1051
5525 1051
5526 1051
5527 1051
5528 1051
5529 1052
5530 1052
5531 1052
5532 1052
5533 1052
5534 1053
5535 1053
5536 1053
5537 1053
5538 1054
5539 1054
5540 1054
5541 1054
5542 1054
5543 1055
5544 1055
5545 1055
5546 1055
5547 1056
5548 1056
5549 1056
5550 1057
5551 1057
5552 1057
5553 1057
5554 1058
5555 1058
5556 1058
5557 1058
5558 1058
5559 1059
5560 1059
5561 1059
5562 1059
5563 1059
5564 1060
5565 1060
5566 1060
5567 1060
5568 1061
5569 1061
5570 1061
5571 1061
5572 1062
5573 1062
5574 1062
5575 1062
5576 1063
5577 1063
5578 1063
5579 1063
5580 1063
5581 1064
5582 1064
5583 1064
5584 1065
5585 1065
5586 1065
5587 1065
5588 1065
5589 1065
5590 1066
5591 1066
5592 1066
5593 1067
5594 1067
5595 1067
5596 1067
5597 1067
5598 1068
5599 1068
5600 1068
5601 1068
5602 1069
5603 1069
5604 1069
5605 1069
5606 1070
5607 1070
5608 1070
5609 1070
5610 1071
5611 1071
5612 1071
5613 1072
5614 1072
5615 1072
5616 1072
5617 1073
5618 1073
5619 1073
5620 1073
5621 1073
5622 1074
5623 1074
5624 1075
5625 1075
5626 1075
5627 1076
5628 1076
5629 1076
5630 1076
5631 1076
5632 1077
5633 1077
5634 1077
5635 1077
5636 1077
5637 1078
5638 1078
5639 1078
5640 1078
5641 1079
5642 1079
5643 1079
5644 1079
5645 1080
5646 1080
5647 1080
5648 1080
5649 1080
5650 1081
5651 1081
5652 1081
5653 1081
5654 1082
5655 1082
5656 1082
5657 1082
5658 1083
5659 1083
5660 1084
5661 1084
5662 1084
5663 1085
5664 1085
5665 1085
5666 1086
5667 1086
5668 1086
5669 1086
5670 1087
5671 1087
5672 1087
5673 1088
5674 1088
5675 1088
5676 1088
5677 1089
5678 1089
5679 1089
5680 1089
5681 1090
5682 1090
5683 1090
5684 1091
5685 1091
5686 1091
5687 1091
5688 1091
5689 1092
5690 1092
5691 1092
5692 1092
5693 1093
5694 1093
5695 1093
5696 1093
5697 1093
5698 1094
5699 1094
5700 1094
5701 1094
5702 1095
5703 1095
5704 1095
5705 1095
5706 1096
5707 1096
5708 1096
5709 1096
5710 1097
5711 1097
5712 1097
5713 1098
5714 1098
5715 1098
5716 1098
5717 1099
5718 1099
5719 1099
5720 1100
5721 1100
5722 1100
5723 1100
5724 1100
5725 1101
5726 1101
5727 1101
5728 1101
5729 1101
5730 1102
5731 1102
5732 1103
5733 1103
5734 1103
5735 1103
5736 1104
5737 1104
5738 1104
5739 1104
5740 1104
5741 1105
5742 1105
5743 1105
5744 1105
5745 1106
5746 1106
5747 1106
5748 1106
5749 1106
5750 1107
5751 1107
5752 1107
5753 1107
5754 1108
5755 1108
5756 1108
5757 1108
5758 1109
5759 1109
5760 1109
5761 1110
5762 1110
5763 1110
5764 1110
5765 1111
5766 1111
5767 1111
5768 1111
5769 1112
5770 1112
5771 1112
5772 1112
5773 1113
5774 1113
5775 1113
5776 1113
5777 1113
5778 1114
5779 1114
5780 1114
5781 1114
5782 1114
5783 1115
5784 1115
5785 1115
5786 1115
5787 1115
5788 1116
5789 1116
5790 1116
5791 1116
5792 1117
5793 1117
5794 1117
5795 1118
5796 1118
5797 1118
5798 1118
5799 1119
5800 1119
5801 1119
5802 1120
5803 1120
5804 1120
5805 1120
5806 1121
5807 1121
5808 1121
5809 1121
5810 1122
5811 1122
5812 1122
5813 1123
5814 1123
5815 1123
5816 1123
5817 1123
5818 1124
5819 1124
5820 1124
5821 1124
5822 1124
5823 1125
5824 1125
5825 1125
5826 1126
5827 1126
5828 1126
5829 1126
5830 1126
5831 1127
5832 1127
5833 1127
5834 1127
5835 1128
5836 1128
5837 1128
5838 1128
5839 1129
5840 1129
5841 1129
5842 1130
5843 1130
5844 1130
5845 1130
5846 1130
5847 1130
5848 1131
5849 1131
5850 1131
5851 1131
5852 1132
5853 1132
5854 1132
5855 1132
5856 1132
5857 1133
5858 1133
5859 1133
5860 1133
5861 1134
5862 1134
5863 1134
5864 1134
5865 1135
5866 1135
5867 1135
5868 1136
5869 1136
5870 1136
5871 1136
5872 1137
5873 1137
5874 1137
5875 1138
5876 1138
5877 1138
5878 1139
5879 1139
5880 1139
5881 1139
5882 1139
5883 1140
5884 1140
5885 1140
5886 1140
5887 1140
5888 1141
5889 1141
5890 1141
5891 1141
5892 1142
5893 1142
5894 1142
5895 1143
5896 1143
5897 1143
5898 1144
5899 1144
5900 1144
5901 1144
5902 1144
5903 1145
5904 1145
5905 1145
5906 1145
5907 1146
5908 1146
5909 1146
5910 1146
5911 1146
5912 1147
5913 1147
5914 1147
5915 1147
5916 1148
5917 1148
5918 1148
5919 1148
5920 1149
5921 1149
5922 1149
5923 1150
5924 1150
5925 1150
5926 1150
5927 1151
5928 1151
5929 1151
5930 1151
5931 1152
5932 1152
5933 1152
5934 1153
5935 1153
5936 1153
5937 1153
5938 1154
5939 1154
5940 1154
5941 1155
5942 1155
5943 1155
5944 1155
5945 1156
5946 1156
5947 1156
5948 1157
5949 1157
5950 1157
5951 1158
5952 1158
5953 1158
5954 1158
5955 1158
5956 1159
5957 1159
5958 1159
5959 1159
5960 1159
5961 1160
5962 1160
5963 1160
5964 1160
5965 1161
5966 1161
5967 1161
5968 1161
5969 1162
5970 1162
5971 1162
5972 1162
5973 1162
5974 1163
5975 1163
5976 1163
5977 1163
5978 1164
5979 1164
5980 1164
5981 1165
5982 1165
5983 1165
5984 1166
5985 1166
5986 1166
5987 1166
5988 1167
5989 1167
5990 1167
5991 1167
5992 1167
5993 1168
5994 1168
5995 1168
5996 1168
5997 1168
5998 1168
5999 1169
6000 1169
6001 1169
6002 1170
6003 1170
6004 1170
6005 1170
6006 1171
6007 1171
6008 1171
6009 1172
6010 1172
6011 1172
6012 1172
6013 1173
6014 1173
6015 1173
6016 1173
6017 1174
6018 1174
6019 1174
6020 1175
6021 1175
6022 1175
6023 1175
6024 1176
6025 1176
6026 1176
6027 1176
6028 1177
6029 1177
6030 1177
6031 1177
6032 1178
6033 1178
6034 1178
6035 1178
6036 1179
6037 1179
6038 1179
6039 1179
6040 1179
6041 1180
6042 1180
6043 1180
6044 1180
6045 1180
6046 1181
6047 1181
6048 1181
6049 1181
6050 1181
6051 1182
6052 1182
6053 1182
6054 1182
6055 1183
6056 1183
6057 1183
6058 1183
6059 1183
6060 1183
6061 1184
6062 1184
6063 1184
6064 1184
6065 1185
6066 1185
6067 1185
6068 1185
6069 1186
6070 1186
6071 1186
6072 1187
6073 1187
6074 1187
6075 1187
6076 1188
6077 1188
6078 1188
6079 1188
6080 1188
6081 1189
6082 1189
6083 1189
6084 1189
6085 1190
6086 1190
6087 1190
6088 1190
6089 1191
6090 1191
6091 1191
6092 1191
6093 1192
6094 1192
6095 1192
6096 1192
6097 1193
6098 1193
6099 1193
6100 1193
6101 1194
6102 1194
6103 1194
6104 1194
6105 1195
6106 1195
6107 1195
6108 1195
6109 1196
6110 1196
6111 1196
6112 1196
6113 1197
6114 1197
6115 1197
6116 1198
6117 1198
6118 1198
6119 1198
6120 1199
6121 1199
6122 1199
6123 1199
6124 1199
6125 1200
6126 1200
6127 1200
6128 1200
6129 1200
6130 1200
6131 1201
6132 1201
6133 1201
6134 1201
6135 1201
6136 1202
6137 1202
6138 1202
6139 1202
6140 1203
6141 1203
6142 1204
6143 1204
6144 1204
6145 1204
6146 1205
6147 1205
6148 1205
6149 1205
6150 1206
6151 1206
6152 1206
6153 1206
6154 1207
6155 1207
6156 1207
6157 1207
6158 1208
6159 1208
6160 1208
6161 1208
6162 1209
6163 1209
6164 1209
6165 1209
6166 1209
6167 1210
6168 1210
6169 1210
6170 1210
6171 1210
6172 1211
6173 1211
6174 1211
6175 1211
6176 1212
6177 1212
6178 1212
6179 1212
6180 1213
6181 1213
6182 1213
6183 1213
6184 1213
6185 1214
6186 1214
6187 1214
6188 1214
6189 1215
6190 1215
6191 1215
6192 1215
6193 1215
6194 1216
6195 1216
6196 1216
6197 1217
6198 1217
6199 1217
6200 1217
6201 1217
6202 1218
6203 1218
6204 1218
6205 1218
6206 1219
6207 1219
6208 1219
6209 1219
6210 1220
6211 1220
6212 1220
6213 1221
6214 1221
6215 1221
6216 1222
6217 1222
6218 1222
6219 1223
6220 1223
6221 1223
6222 1223
6223 1224
6224 1224
6225 1224
6226 1224
6227 1224
6228 1225
6229 1225
6230 1225
6231 1225
6232 1226
6233 1226
6234 1226
6235 1226
6236 1227
6237 1227
6238 1227
6239 1227
6240 1227
6241 1228
6242 1228
6243 1228
6244 1229
6245 1229
6246 1229
6247 1229
6248 1230
6249 1230
6250 1230
6251 1230
6252 1231
6253 1231
6254 1231
6255 1232
6256 1232
6257 1232
6258 1232
6259 1233
6260 1233
6261 1233
6262 1233
6263 1234
6264 1234
6265 1234
6266 1234
6267 1235
6268 1235
6269 1235
6270 1235
6271 1235
6272 1236
6273 1236
6274 1236
6275 1236
6276 1236
6277 1236
6278 1237
6279 1237
6280 1237
6281 1237
6282 1238
6283 1238
6284 1238
6285 1238
6286 1238
6287 1239
6288 1239
6289 1239
6290 1239
6291 1239
6292 1240
6293 1240
6294 1240
6295 1241
6296 1241
6297 1241
6298 1241
6299 1242
6300 1242
6301 1242
6302 1242
6303 1243
6304 1243
6305 1244
6306 1244
6307 1244
6308 1244
6309 1245
6310 1245
6311 1245
6312 1245
6313 1245
6314 1246
6315 1246
6316 1246
6317 1246
6318 1246
6319 1247
6320 1247
6321 1247
6322 1247
6323 1248
6324 1248
6325 1248
6326 1248
6327 1248
6328 1248
6329 1249
6330 1249
6331 1249
6332 1249
6333 1249
6334 1250
6335 1250
6336 1250
6337 1251
6338 1251
6339 1251
6340 1252
6341 1252
6342 1252
6343 1252
6344 1253
6345 1253
6346 1253
6347 1253
6348 1253
6349 1254
6350 1254
6351 1254
6352 1254
6353 1255
6354 1255
6355 1255
6356 1255
6357 1256
6358 1256
6359 1256
6360 1256
6361 1257
6362 1257
6363 1257
6364 1257
6365 1257
6366 1258
6367 1258
6368 1258
6369 1259
6370 1259
6371 1259
6372 1259
6373 1259
6374 1259
6375 1260
6376 1260
6377 1260
6378 1261
6379 1261
6380 1261
6381 1261
6382 1261
6383 1262
6384 1262
6385 1262
6386 1262
6387 1262
6388 1263
6389 1263
6390 1263
6391 1263
6392 1263
6393 1263
6394 1264
6395 1264
6396 1264
6397 1265
6398 1265
6399 1265
6400 1266
6401 1266
6402 1266
6403 1266
6404 1266
6405 1267
6406 1267
6407 1267
6408 1267
6409 1267
6410 1268
6411 1268
6412 1268
6413 1268
6414 1269
6415 1269
6416 1269
6417 1269
6418 1270
6419 1270
6420 1270
6421 1271
6422 1271
6423 1271
6424 1272
6425 1272
6426 1272
6427 1272
6428 1272
6429 1273
6430 1273
6431 1273
6432 1274
6433 1274
6434 1274
6435 1275
6436 1275
6437 1275
6438 1275
6439 1275
6440 1276
6441 1276
6442 1276
6443 1276
6444 1277
6445 1277
6446 1277
6447 1277
6448 1278
6449 1278
6450 1278
6451 1278
6452 1279
6453 1279
6454 1279
6455 1279
6456 1280
6457 1280
6458 1280
6459 1280
6460 1281
6461 1281
6462 1281
6463 1281
6464 1281
6465 1281
6466 1282
6467 1282
6468 1282
6469 1282
6470 1283
6471 1283
6472 1283
6473 1284
6474 1284
6475 1284
6476 1284
6477 1285
6478 1285
6479 1285
6480 1286
6481 1286
6482 1286
6483 1286
6484 1286
6485 1287
6486 1287
6487 1287
6488 1288
6489 1288
6490 1288
6491 1288
6492 1289
6493 1289
6494 1289
6495 1289
6496 1290
6497 1290
6498 1290
6499 1290
6500 1291
6501 1291
6502 1291
6503 1292
6504 1292
6505 1292
6506 1292
6507 1293
6508 1293
6509 1293
6510 1293
6511 1293
6512 1294
6513 1294
6514 1294
6515 1294
6516 1295
6517 1295
6518 1295
6519 1295
6520 1295
6521 1296
6522 1296
6523 1296
6524 1296
6525 1297
6526 1297
6527 1297
6528 1297
6529 1298
6530 1298
6531 1298
6532 1298
6533 1299
6534 1299
6535 1299
6536 1300
6537 1300
6538 1300
6539 1300
6540 1301
6541 1301
6542 1301
6543 1301
6544 1302
6545 1302
6546 1302
6547 1302
6548 1303
6549 1303
6550 1303
6551 1304
6552 1304
6553 1304
6554 1304
6555 1305
6556 1305
6557 1305
6558 1305
6559 1305
6560 1306
6561 1306
6562 1306
6563 1306
6564 1307
6565 1307
6566 1307
6567 1308
6568 1308
6569 1308
6570 1308
6571 1308
6572 1309
6573 1309
6574 1309
6575 1309
6576 1309
6577 1310
6578 1310
6579 1310
6580 1310
6581 1311
6582 1311
6583 1311
6584 1311
6585 1312
6586 1312
6587 1312
6588 1312
6589 1313
6590 1313
6591 1313
6592 1313
6593 1314
6594 1314
6595 1314
6596 1314
6597 1315
6598 1315
6599 1315
6600 1315
6601 1316
6602 1316
6603 1316
6604 1316
6605 1317
6606 1317
6607 1317
6608 1317
6609 1318
6610 1318
6611 1318
6612 1318
6613 1319
6614 1319
6615 1319
6616 1319
6617 1319
6618 1320
6619 1320
6620 1320
6621 1320
6622 1321
6623 1321
6624 1321
6625 1321
6626 1322
6627 1322
6628 1322
6629 1322
6630 1323
6631 1323
6632 1323
6633 1323
6634 1323
6635 1324
6636 1324
6637 1324
6638 1324
6639 1324
6640 1325
6641 1325
6642 1325
6643 1326
6644 1326
6645 1326
6646 1326
6647 1327
6648 1327
6649 1327
6650 1327
6651 1327
6652 1328
6653 1328
6654 1328
6655 1328
6656 1328
6657 1328
6658 1329
6659 1329
6660 1329
6661 1329
6662 1330
6663 1330
6664 1330
6665 1330
6666 1331
6667 1331
6668 1331
6669 1331
6670 1332
6671 1332
6672 1332
6673 1332
6674 1333
6675 1333
6676 1333
6677 1333
6678 1334
6679 1334
6680 1334
6681 1335
6682 1335
6683 1335
6684 1335
6685 1336
6686 1336
6687 1336
6688 1336
6689 1337
6690 1337
6691 1337
6692 1337
6693 1337
6694 1338
6695 1338
6696 1338
6697 1338
6698 1339
6699 1339
6700 1339
6701 1340
6702 1340
6703 1340
6704 1341
6705 1341
6706 1341
6707 1342
6708 1342
6709 1342
6710 1342
6711 1343
6712 1343
6713 1343
6714 1343
6715 1343
6716 1344
6717 1344
6718 1344
6719 1344
6720 1345
6721 1345
6722 1345
6723 1345
6724 1346
6725 1346
6726 1346
6727 1346
6728 1346
6729 1347
6730 1347
6731 1348
6732 1348
6733 1348
6734 1348
6735 1349
6736 1349
6737 1349
6738 1349
6739 1350
6740 1350
6741 1350
6742 1350
6743 1351
6744 1351
6745 1351
6746 1351
6747 1352
6748 1352
6749 1352
6750 1352
6751 1353
6752 1353
6753 1353
6754 1353
6755 1354
6756 1354
6757 1354
6758 1354
6759 1354
6760 1355
6761 1355
6762 1355
6763 1355
6764 1355
6765 1356
6766 1356
6767 1356
6768 1356
6769 1356
6770 1357
6771 1357
6772 1357
6773 1357
6774 1357
6775 1358
6776 1358
6777 1358
6778 1358
6779 1359
6780 1359
6781 1359
6782 1359
6783 1360
6784 1360
6785 1360
6786 1360
6787 1361
6788 1361
6789 1361
6790 1362
6791 1362
6792 1362
6793 1362
6794 1362
6795 1363
6796 1363
6797 1363
6798 1363
6799 1364
6800 1364
6801 1364
6802 1364
6803 1365
6804 1365
6805 1365
6806 1365
6807 1366
6808 1366
6809 1366
6810 1366
6811 1367
6812 1367
6813 1367
6814 1367
6815 1367
6816 1368
6817 1368
6818 1368
6819 1368
6820 1368
6821 1369
6822 1369
6823 1369
6824 1369
6825 1369
6826 1370
6827 1370
6828 1370
6829 1370
6830 1371
6831 1371
6832 1371
6833 1371
6834 1372
6835 1372
6836 1372
6837 1373
6838 1373
6839 1373
6840 1374
6841 1374
6842 1374
6843 1374
6844 1375
6845 1375
6846 1375
6847 1375
6848 1376
6849 1376
6850 1376
6851 1376
6852 1377
6853 1377
6854 1377
6855 1378
6856 1378
6857 1378
6858 1378
6859 1378
6860 1379
6861 1379
6862 1379
6863 1379
6864 1379
6865 1380
6866 1380
6867 1380
6868 1380
6869 1381
6870 1381
6871 1381
6872 1381
6873 1381
6874 1382
6875 1382
6876 1382
6877 1382
6878 1382
6879 1383
6880 1383
6881 1383
6882 1383
6883 1384
6884 1384
6885 1384
6886 1384
6887 1385
6888 1385
6889 1385
6890 1385
6891 1385
6892 1386
6893 1386
6894 1386
6895 1386
6896 1387
6897 1387
6898 1387
6899 1387
6900 1388
6901 1388
6902 1388
6903 1389
6904 1389
6905 1389
6906 1390
6907 1390
6908 1390
6909 1390
6910 1391
6911 1391
6912 1391
6913 1391
6914 1391
6915 1392
6916 1392
6917 1392
6918 1392
6919 1393
6920 1393
6921 1393
6922 1394
6923 1394
6924 1394
6925 1394
6926 1395
6927 1395
6928 1395
6929 1395
6930 1395
6931 1396
6932 1396
6933 1396
6934 1396
6935 1397
6936 1397
6937 1397
6938 1397
6939 1398
6940 1398
6941 1398
6942 1398
6943 1398
6944 1399
6945 1399
6946 1399
6947 1399
6948 1400
6949 1400
6950 1400
6951 1400
6952 1401
6953 1401
6954 1401
6955 1401
6956 1402
6957 1402
6958 1402
6959 1403
6960 1403
6961 1403
6962 1403
6963 1403
6964 1404
6965 1404
6966 1405
6967 1405
6968 1405
6969 1405
6970 1405
6971 1406
6972 1406
6973 1406
6974 1406
6975 1407
6976 1407
6977 1407
6978 1407
6979 1407
6980 1408
6981 1408
6982 1408
6983 1408
6984 1409
6985 1409
6986 1409
6987 1409
6988 1409
6989 1410
6990 1410
6991 1410
6992 1410
6993 1410
6994 1411
6995 1411
6996 1411
6997 1411
6998 1411
6999 1412
7000 1412
7001 1412
7002 1412
7003 1413
7004 1413
7005 1413
7006 1413
7007 1413
7008 1414
7009 1414
7010 1414
7011 1415
7012 1415
7013 1415
7014 1415
7015 1415
7016 1416
7017 1416
7018 1416
7019 1416
7020 1417
7021 1417
7022 1417
7023 1418
7024 1418
7025 1418
7026 1418
7027 1419
7028 1419
7029 1419
7030 1419
7031 1419
7032 1420
7033 1420
7034 1420
7035 1420
7036 1420
7037 1421
7038 1421
7039 1421
7040 1422
7041 1422
7042 1422
7043 1422
7044 1423
7045 1423
7046 1423
7047 1423
7048 1424
7049 1424
7050 1424
7051 1425
7052 1425
7053 1425
7054 1425
7055 1425
7056 1426
7057 1426
7058 1427
7059 1427
7060 1427
7061 1427
7062 1427
7063 1428
7064 1428
7065 1428
7066 1429
7067 1429
7068 1429
7069 1430
7070 1430
7071 1430
7072 1431
7073 1431
7074 1431
7075 1432
7076 1432
7077 1432
7078 1432
7079 1433
7080 1433
7081 1433
7082 1433
7083 1434
7084 1434
7085 1434
7086 1435
7087 1435
7088 1435
7089 1435
7090 1435
7091 1436
7092 1436
7093 1436
7094 1436
7095 1436
7096 1436
7097 1437
7098 1437
7099 1437
7100 1437
7101 1438
7102 1438
7103 1438
7104 1439
7105 1439
7106 1439
7107 1439
7108 1440
7109 1440
7110 1440
7111 1441
7112 1441
7113 1441
7114 1441
7115 1441
7116 1441
7117 1442
7118 1442
7119 1442
7120 1442
7121 1442
7122 1443
7123 1443
7124 1443
7125 1443
7126 1444
7127 1444
7128 1444
7129 1444
7130 1444
7131 1445
7132 1445
7133 1445
7134 1446
7135 1446
7136 1446
7137 1446
7138 1446
7139 1447
7140 1447
7141 1447
7142 1447
7143 1448
7144 1448
7145 1448
7146 1448
7147 1449
7148 1449
7149 1449
7150 1450
7151 1450
7152 1450
7153 1451
7154 1451
7155 1451
7156 1452
7157 1452
7158 1452
7159 1452
7160 1453
7161 1453
7162 1453
7163 1453
7164 1454
7165 1454
7166 1454
7167 1454
7168 1455
7169 1455
7170 1455
7171 1455
7172 1456
7173 1456
7174 1456
7175 1456
7176 1457
7177 1457
7178 1457
7179 1457
7180 1458
7181 1458
7182 1458
7183 1458
7184 1458
7185 1459
7186 1459
7187 1459
7188 1459
7189 1460
7190 1460
7191 1460
7192 1460
7193 1461
7194 1461
7195 1461
7196 1461
7197 1462
7198 1462
7199 1462
7200 1462
7201 1462
7202 1463
7203 1463
7204 1463
7205 1463
7206 1464
7207 1464
7208 1464
7209 1464
7210 1465
7211 1465
7212 1465
7213 1465
7214 1466
7215 1466
7216 1466
7217 1466
7218 1467
7219 1467
7220 1467
7221 1468
7222 1468
7223 1468
7224 1468
7225 1469
7226 1469
7227 1469
7228 1469
7229 1469
7230 1470
7231 1470
7232 1470
7233 1470
7234 1471
7235 1471
7236 1471
7237 1471
7238 1472
7239 1472
7240 1472
7241 1472
7242 1473
7243 1473
7244 1473
7245 1474
7246 1474
7247 1474
7248 1474
7249 1474
7250 1475
7251 1475
7252 1475
7253 1475
7254 1476
7255 1476
7256 1476
7257 1476
7258 1476
7259 1477
7260 1477
7261 1477
7262 1477
7263 1478
7264 1478
7265 1478
7266 1478
7267 1479
7268 1479
7269 1479
7270 1479
7271 1479
7272 1480
7273 1480
7274 1480
7275 1480
7276 1481
7277 1481
7278 1481
7279 1481
7280 1482
7281 1482
7282 1482
7283 1482
7284 1482
7285 1483
7286 1483
7287 1483
7288 1483
7289 1484
7290 1484
7291 1484
7292 1484
7293 1485
7294 1485
7295 1485
7296 1485
7297 1486
7298 1486
7299 1486
7300 1487
7301 1487
7302 1487
7303 1487
7304 1488
7305 1488
7306 1488
7307 1488
7308 1488
7309 1489
7310 1489
7311 1489
7312 1490
7313 1490
7314 1490
7315 1490
7316 1490
7317 1491
7318 1491
7319 1491
7320 1491
7321 1491
7322 1492
7323 1492
7324 1492
7325 1492
7326 1493
7327 1493
7328 1493
7329 1493
7330 1494
7331 1494
7332 1494
7333 1494
7334 1495
7335 1495
7336 1495
7337 1495
7338 1495
7339 1496
7340 1496
7341 1496
7342 1496
7343 1497
7344 1497
7345 1497
7346 1497
7347 1497
7348 1498
7349 1498
7350 1498
7351 1498
7352 1499
7353 1499
7354 1499
7355 1499
7356 1499
7357 1500
7358 1500
7359 1500
7360 1500
7361 1500
7362 1501
7363 1501
7364 1501
7365 1502
7366 1502
7367 1502
7368 1503
7369 1503
7370 1503
7371 1504
7372 1504
7373 1504
7374 1504
7375 1504
7376 1504
7377 1505
7378 1505
7379 1505
7380 1505
7381 1506
7382 1506
7383 1506
7384 1506
7385 1507
7386 1507
7387 1507
7388 1507
7389 1507
7390 1508
7391 1508
7392 1508
7393 1508
7394 1509
7395 1509
7396 1509
7397 1510
7398 1510
7399 1510
7400 1510
7401 1511
7402 1511
7403 1511
7404 1511
7405 1512
7406 1512
7407 1512
7408 1512
7409 1512
7410 1513
7411 1513
7412 1513
7413 1513
7414 1514
7415 1514
7416 1514
7417 1514
7418 1515
7419 1515
7420 1515
7421 1516
7422 1516
7423 1516
7424 1516
7425 1516
7426 1517
7427 1517
7428 1517
7429 1517
7430 1518
7431 1518
7432 1518
7433 1518
7434 1519
7435 1519
7436 1519
7437 1519
7438 1520
7439 1520
7440 1520
7441 1520
7442 1521
7443 1521
7444 1521
7445 1522
7446 1522
7447 1522
7448 1523
7449 1523
7450 1523
7451 1524
7452 1524
7453 1524
7454 1524
7455 1525
7456 1525
7457 1525
7458 1525
7459 1525
7460 1526
7461 1526
7462 1526
7463 1527
7464 1527
7465 1528
7466 1528
7467 1528
7468 1528
7469 1529
7470 1529
7471 1529
7472 1529
7473 1530
7474 1530
7475 1530
7476 1530
7477 1530
7478 1530
7479 1531
7480 1531
7481 1531
7482 1531
7483 1532
7484 1532
7485 1532
7486 1532
7487 1532
7488 1533
7489 1533
7490 1533
7491 1533
7492 1533
7493 1534
7494 1534
7495 1534
7496 1534
7497 1535
7498 1535
7499 1535
7500 1535
7501 1536
7502 1536
7503 1536
7504 1536
7505 1536
7506 1537
7507 1537
7508 1537
7509 1537
7510 1537
7511 1538
7512 1538
7513 1538
7514 1539
7515 1539
7516 1539
7517 1539
7518 1540
7519 1540
7520 1540
7521 1541
7522 1541
7523 1541
7524 1541
7525 1541
7526 1542
7527 1542
7528 1542
7529 1543
7530 1543
7531 1543
7532 1543
7533 1543
7534 1544
7535 1544
7536 1544
7537 1544
7538 1545
7539 1545
7540 1545
7541 1545
7542 1546
7543 1546
7544 1546
7545 1546
7546 1547
7547 1547
7548 1547
7549 1547
7550 1548
7551 1548
7552 1548
7553 1548
7554 1549
7555 1549
7556 1549
7557 1549
7558 1549
7559 1550
7560 1550
7561 1550
7562 1551
7563 1551
7564 1551
7565 1552
7566 1552
7567 1552
7568 1552
7569 1552
7570 1553
7571 1553
7572 1553
7573 1553
7574 1553
7575 1554
7576 1554
7577 1554
7578 1555
7579 1555
7580 1555
7581 1556
7582 1556
7583 1556
7584 1556
7585 1557
7586 1557
7587 1557
7588 1557
7589 1558
7590 1558
7591 1558
7592 1558
7593 1558
7594 1559
7595 1559
7596 1559
7597 1559
7598 1560
7599 1560
7600 1560
7601 1560
7602 1561
7603 1561
7604 1561
7605 1561
7606 1562
7607 1562
7608 1562
7609 1562
7610 1562
7611 1562
7612 1563
7613 1563
7614 1564
7615 1564
7616 1564
7617 1564
7618 1565
7619 1565
7620 1565
7621 1566
7622 1566
7623 1566
7624 1566
7625 1567
7626 1567
7627 1567
7628 1568
7629 1568
7630 1568
7631 1568
7632 1569
7633 1569
7634 1569
7635 1569
7636 1569
7637 1570
7638 1570
7639 1570
7640 1570
7641 1570
7642 1571
7643 1571
7644 1571
7645 1571
7646 1572
7647 1572
7648 1572
7649 1572
7650 1572
7651 1573
7652 1573
7653 1573
7654 1573
7655 1573
7656 1574
7657 1574
7658 1574
7659 1574
7660 1574
7661 1575
7662 1575
7663 1575
7664 1575
7665 1575
7666 1576
7667 1576
7668 1576
7669 1576
7670 1576
7671 1577
7672 1577
7673 1577
7674 1577
7675 1577
7676 1577
7677 1578
7678 1578
7679 1578
7680 1578
7681 1579
7682 1579
7683 1579
7684 1579
7685 1580
7686 1580
7687 1580
7688 1580
7689 1581
7690 1581
7691 1581
7692 1582
7693 1582
7694 1582
7695 1582
7696 1583
7697 1583
7698 1583
7699 1583
7700 1584
7701 1584
7702 1584
7703 1584
7704 1584
7705 1585
7706 1585
7707 1585
7708 1585
7709 1586
7710 1586
7711 1586
7712 1586
7713 1587
7714 1587
7715 1587
7716 1588
7717 1588
7718 1588
7719 1588
7720 1588
7721 1589
7722 1589
7723 1589
7724 1589
7725 1589
7726 1590
7727 1590
7728 1590
7729 1590
7730 1591
7731 1591
7732 1591
7733 1591
7734 1592
7735 1592
7736 1592
7737 1592
7738 1593
7739 1593
7740 1593
7741 1593
7742 1593
7743 1594
7744 1594
7745 1594
7746 1595
7747 1595
7748 1595
7749 1595
7750 1596
7751 1596
7752 1596
7753 1596
7754 1596
7755 1597
7756 1597
7757 1597
7758 1597
7759 1598
7760 1598
7761 1598
7762 1598
7763 1599
7764 1599
7765 1599
7766 1600
7767 1600
7768 1600
7769 1600
7770 1601
7771 1601
7772 1601
7773 1601
7774 1602
7775 1602
7776 1602
7777 1602
7778 1603
7779 1603
7780 1603
7781 1604
7782 1604
7783 1604
7784 1604
7785 1605
7786 1605
7787 1605
7788 1605
7789 1606
7790 1606
7791 1606
7792 1606
7793 1607
7794 1607
7795 1607
7796 1608
7797 1608
7798 1608
7799 1608
7800 1608
7801 1609
7802 1609
7803 1609
7804 1610
7805 1610
7806 1610
7807 1611
7808 1611
7809 1611
7810 1611
7811 1611
7812 1611
7813 1612
7814 1612
7815 1612
7816 1612
7817 1613
7818 1613
7819 1613
7820 1613
7821 1613
7822 1613
7823 1614
7824 1614
7825 1614
7826 1615
7827 1615
7828 1615
7829 1615
7830 1615
7831 1616
7832 1616
7833 1616
7834 1617
7835 1617
7836 1617
7837 1617
7838 1617
7839 1617
7840 1618
7841 1618
7842 1618
7843 1618
7844 1619
7845 1619
7846 1619
7847 1619
7848 1620
7849 1620
7850 1620
7851 1620
7852 1620
7853 1621
7854 1621
7855 1621
7856 1621
7857 1621
7858 1622
7859 1622
7860 1622
7861 1622
7862 1623
7863 1623
7864 1623
7865 1623
7866 1624
7867 1624
7868 1624
7869 1624
7870 1624
7871 1625
7872 1625
7873 1625
7874 1625
7875 1626
7876 1626
7877 1626
7878 1627
7879 1627
7880 1627
7881 1627
7882 1627
7883 1628
7884 1628
7885 1628
7886 1628
7887 1628
7888 1629
7889 1629
7890 1629
7891 1629
7892 1630
7893 1630
7894 1630
7895 1630
7896 1631
7897 1631
7898 1631
7899 1631
7900 1632
7901 1632
7902 1632
7903 1632
7904 1632
7905 1633
7906 1633
7907 1633
7908 1633
7909 1633
7910 1634
7911 1634
7912 1634
7913 1634
7914 1635
7915 1635
7916 1635
7917 1635
7918 1636
7919 1636
7920 1636
7921 1636
7922 1637
7923 1637
7924 1637
7925 1637
7926 1638
7927 1638
7928 1638
7929 1638
7930 1638
7931 1639
7932 1639
7933 1639
7934 1639
7935 1639
7936 1640
7937 1640
7938 1640
7939 1640
7940 1641
7941 1641
7942 1641
7943 1641
7944 1641
7945 1642
7946 1642
7947 1642
7948 1643
7949 1643
7950 1643
7951 1643
7952 1643
7953 1644
7954 1644
7955 1644
7956 1644
7957 1645
7958 1645
7959 1645
7960 1646
7961 1646
7962 1646
7963 1646
7964 1647
7965 1647
7966 1647
7967 1647
7968 1647
7969 1648
7970 1648
7971 1648
7972 1648
7973 1649
7974 1649
7975 1649
7976 1649
7977 1650
7978 1650
7979 1650
7980 1650
7981 1650
7982 1651
7983 1651
7984 1651
7985 1652
7986 1652
7987 1652
7988 1652
7989 1653
7990 1653
7991 1653
7992 1653
7993 1654
7994 1654
7995 1654
7996 1655
7997 1655
7998 1655
7999 1655
8000 1656
8001 1656
8002 1656
8003 1656
8004 1657
8005 1657
8006 1657
8007 1657
8008 1657
8009 1658
8010 1658
8011 1658
8012 1658
8013 1659
8014 1659
8015 1659
8016 1659
8017 1660
8018 1660
8019 1660
8020 1660
8021 1660
8022 1660
8023 1661
8024 1661
8025 1661
8026 1661
8027 1662
8028 1662
8029 1662
8030 1662
8031 1663
8032 1663
8033 1663
8034 1663
8035 1663
8036 1664
8037 1664
8038 1664
8039 1664
8040 1665
8041 1665
8042 1665
8043 1665
8044 1665
8045 1666
8046 1666
8047 1666
8048 1666
8049 1667
8050 1667
8051 1667
8052 1668
8053 1668
8054 1668
8055 1668
8056 1668
8057 1669
8058 1669
8059 1669
8060 1669
8061 1670
8062 1670
8063 1670
8064 1670
8065 1671
8066 1671
8067 1671
8068 1671
8069 1672
8070 1672
8071 1672
8072 1672
8073 1672
8074 1673
8075 1673
8076 1673
8077 1673
8078 1674
8079 1674
8080 1674
8081 1674
8082 1674
8083 1675
8084 1675
8085 1675
8086 1676
8087 1676
8088 1676
8089 1676
8090 1677
8091 1677
8092 1677
8093 1677
8094 1678
8095 1678
8096 1678
8097 1678
8098 1679
8099 1679
8100 1679
8101 1679
8102 1679
8103 1680
8104 1680
8105 1680
8106 1680
8107 1681
8108 1681
8109 1681
8110 1682
8111 1682
8112 1682
8113 1683
8114 1683
8115 1683
8116 1683
8117 1684
8118 1684
8119 1684
8120 1684
8121 1685
8122 1685
8123 1685
8124 1685
8125 1686
8126 1686
8127 1686
8128 1687
8129 1687
8130 1687
8131 1688
8132 1688
8133 1688
8134 1688
8135 1689
8136 1689
8137 1689
8138 1689
8139 1689
8140 1690
8141 1690
8142 1690
8143 1690
8144 1691
8145 1691
8146 1691
8147 1691
8148 1692
8149 1692
8150 1692
8151 1692
8152 1693
8153 1693
8154 1693
8155 1693
8156 1693
8157 1694
8158 1694
8159 1694
8160 1694
8161 1694
8162 1695
8163 1695
8164 1695
8165 1696
8166 1696
8167 1696
8168 1697
8169 1697
8170 1697
8171 1697
8172 1698
8173 1698
8174 1698
8175 1699
8176 1699
8177 1699
8178 1699
8179 1700
8180 1700
8181 1700
8182 1701
8183 1701
8184 1701
8185 1701
8186 1702
8187 1702
8188 1702
8189 1702
8190 1703
8191 1703
8192 1703
8193 1703
8194 1704
8195 1704
8196 1704
8197 1705
8198 1705
8199 1705
8200 1705
8201 1706
8202 1706
8203 1706
8204 1706
8205 1706
8206 1707
8207 1707
8208 1707
8209 1707
8210 1708
8211 1708
8212 1708
8213 1708
8214 1708
8215 1709
8216 1709
8217 1709
8218 1710
8219 1710
8220 1710
8221 1710
8222 1710
8223 1711
8224 1711
8225 1711
8226 1711
8227 1712
8228 1712
8229 1712
8230 1712
8231 1713
8232 1713
8233 1713
8234 1713
8235 1714
8236 1714
8237 1714
8238 1714
8239 1715
8240 1715
8241 1715
8242 1716
8243 1716
8244 1716
8245 1716
8246 1717
8247 1717
8248 1717
8249 1717
8250 1718
8251 1718
8252 1718
8253 1718
8254 1719
8255 1719
8256 1719
8257 1719
8258 1719
8259 1720
8260 1720
8261 1720
8262 1720
8263 1721
8264 1721
8265 1722
8266 1722
8267 1722
8268 1722
8269 1722
8270 1722
8271 1723
8272 1723
8273 1723
8274 1723
8275 1724
8276 1724
8277 1724
8278 1725
8279 1725
8280 1725
8281 1725
8282 1725
8283 1726
8284 1726
8285 1726
8286 1726
8287 1727
8288 1727
8289 1727
8290 1727
8291 1728
8292 1728
8293 1728
8294 1729
8295 1729
8296 1729
8297 1729
8298 1729
8299 1729
8300 1730
8301 1730
8302 1730
8303 1731
8304 1731
8305 1731
8306 1731
8307 1732
8308 1732
8309 1732
8310 1733
8311 1733
8312 1733
8313 1734
8314 1734
8315 1734
8316 1734
8317 1734
8318 1735
8319 1735
8320 1735
8321 1735
8322 1736
8323 1736
8324 1736
8325 1736
8326 1736
8327 1736
8328 1737
8329 1737
8330 1737
8331 1738
8332 1738
8333 1738
8334 1738
8335 1738
8336 1739
8337 1739
8338 1739
8339 1739
8340 1740
8341 1740
8342 1740
8343 1740
8344 1741
8345 1741
8346 1741
8347 1741
8348 1741
8349 1742
8350 1742
8351 1742
8352 1742
8353 1742
8354 1743
8355 1743
8356 1743
8357 1743
8358 1744
8359 1744
8360 1744
8361 1745
8362 1745
8363 1745
8364 1745
8365 1746
8366 1746
8367 1746
8368 1746
8369 1746
8370 1746
8371 1747
8372 1747
8373 1747
8374 1747
8375 1748
8376 1748
8377 1748
8378 1748
8379 1748
8380 1749
8381 1749
8382 1750
8383 1750
8384 1750
8385 1750
8386 1751
8387 1751
8388 1751
8389 1751
8390 1751
8391 1752
8392 1752
8393 1752
8394 1752
8395 1753
8396 1753
8397 1753
8398 1753
8399 1754
8400 1754
8401 1754
8402 1755
8403 1755
8404 1755
8405 1755
8406 1755
8407 1755
8408 1756
8409 1756
8410 1756
8411 1756
8412 1757
8413 1757
8414 1757
8415 1757
8416 1758
8417 1758
8418 1758
8419 1759
8420 1759
8421 1759
8422 1759
8423 1760
8424 1760
8425 1760
8426 1760
8427 1761
8428 1761
8429 1761
8430 1761
8431 1761
8432 1762
8433 1762
8434 1762
8435 1762
8436 1762
8437 1763
8438 1763
8439 1763
8440 1763
8441 1764
8442 1764
8443 1764
8444 1764
8445 1765
8446 1765
8447 1765
8448 1765
8449 1766
8450 1766
8451 1766
8452 1766
8453 1767
8454 1767
8455 1767
8456 1767
8457 1768
8458 1768
8459 1768
8460 1768
8461 1769
8462 1769
8463 1769
8464 1769
8465 1770
8466 1770
8467 1770
8468 1770
8469 1771
8470 1771
8471 1771
8472 1771
8473 1771
8474 1772
8475 1772
8476 1772
8477 1772
8478 1772
8479 1773
8480 1773
8481 1774
8482 1774
8483 1774
8484 1774
8485 1775
8486 1775
8487 1775
8488 1775
8489 1776
8490 1776
8491 1776
8492 1776
8493 1776
8494 1777
8495 1777
8496 1777
8497 1777
8498 1778
8499 1778
8500 1778
8501 1778
8502 1778
8503 1779
8504 1779
8505 1779
8506 1779
8507 1779
8508 1780
8509 1780
8510 1780
8511 1780
8512 1781
8513 1781
8514 1781
8515 1781
8516 1782
8517 1782
8518 1782
8519 1782
8520 1783
8521 1783
8522 1783
8523 1784
8524 1784
8525 1784
8526 1784
8527 1784
8528 1785
8529 1785
8530 1785
8531 1785
8532 1785
8533 1786
8534 1786
8535 1786
8536 1786
8537 1787
8538 1787
8539 1787
8540 1788
8541 1788
8542 1788
8543 1789
8544 1789
8545 1789
8546 1789
8547 1790
8548 1790
8549 1790
8550 1791
8551 1791
8552 1791
8553 1791
8554 1792
8555 1792
8556 1792
8557 1792
8558 1792
8559 1793
8560 1793
8561 1793
8562 1793
8563 1793
8564 1794
8565 1794
8566 1794
8567 1794
8568 1795
8569 1795
8570 1795
8571 1796
8572 1796
8573 1796
8574 1796
8575 1796
8576 1797
8577 1797
8578 1797
8579 1798
8580 1798
8581 1798
8582 1799
8583 1799
8584 1799
8585 1799
8586 1800
8587 1800
8588 1800
8589 1800
8590 1801
8591 1801
8592 1801
8593 1801
8594 1802
8595 1802
8596 1802
8597 1802
8598 1803
8599 1803
8600 1803
8601 1803
8602 1804
8603 1804
8604 1804
8605 1804
8606 1804
8607 1805
8608 1805
8609 1805
8610 1806
8611 1806
8612 1806
8613 1806
8614 1806
8615 1807
8616 1807
8617 1807
8618 1807
8619 1807
8620 1808
8621 1808
8622 1808
8623 1808
8624 1809
8625 1809
8626 1809
8627 1809
8628 1810
8629 1810
8630 1810
8631 1810
8632 1810
8633 1811
8634 1811
8635 1811
8636 1811
8637 1812
8638 1812
8639 1812
8640 1812
8641 1812
8642 1813
8643 1813
8644 1813
8645 1813
8646 1814
8647 1814
8648 1814
8649 1814
8650 1814
8651 1815
8652 1815
8653 1815
8654 1815
8655 1816
8656 1816
8657 1816
8658 1817
8659 1817
8660 1817
8661 1817
8662 1818
8663 1818
8664 1818
8665 1818
8666 1819
8667 1819
8668 1819
8669 1819
8670 1820
8671 1820
8672 1820
8673 1820
8674 1820
8675 1820
8676 1821
8677 1821
8678 1821
8679 1821
8680 1822
8681 1822
8682 1822
8683 1822
8684 1823
8685 1823
8686 1823
8687 1823
8688 1823
8689 1824
8690 1824
8691 1824
8692 1825
8693 1825
8694 1825
8695 1825
8696 1826
8697 1826
8698 1826
8699 1826
8700 1826
8701 1827
8702 1827
8703 1827
8704 1828
8705 1828
8706 1828
8707 1828
8708 1829
8709 1829
8710 1829
8711 1829
8712 1830
8713 1830
8714 1830
8715 1830
8716 1830
8717 1831
8718 1831
8719 1831
8720 1832
8721 1832
8722 1832
8723 1832
8724 1832
8725 1833
8726 1833
8727 1833
8728 1833
8729 1833
8730 1834
8731 1834
8732 1834
8733 1835
8734 1835
8735 1835
8736 1835
8737 1836
8738 1836
8739 1836
8740 1837
8741 1837
8742 1837
8743 1837
8744 1837
8745 1838
8746 1838
8747 1838
8748 1838
8749 1838
8750 1838
8751 1839
8752 1839
8753 1839
8754 1839
8755 1840
8756 1840
8757 1840
8758 1840
8759 1841
8760 1841
8761 1841
8762 1841
8763 1841
8764 1842
8765 1842
8766 1842
8767 1842
8768 1843
8769 1843
8770 1843
8771 1843
8772 1844
8773 1844
8774 1844
8775 1844
8776 1845
8777 1845
8778 1846
8779 1846
8780 1846
8781 1846
8782 1846
8783 1847
8784 1847
8785 1847
8786 1848
8787 1848
8788 1848
8789 1848
8790 1849
8791 1849
8792 1849
8793 1849
8794 1850
8795 1850
8796 1850
8797 1850
8798 1851
8799 1851
8800 1851
8801 1852
8802 1852
8803 1852
8804 1852
8805 1852
8806 1852
8807 1853
8808 1853
8809 1853
8810 1853
8811 1853
8812 1854
8813 1854
8814 1854
8815 1855
8816 1855
8817 1855
8818 1856
8819 1856
8820 1856
8821 1856
8822 1856
8823 1857
8824 1857
8825 1857
8826 1857
8827 1857
8828 1858
8829 1858
8830 1858
8831 1858
8832 1859
8833 1859
8834 1859
8835 1859
8836 1860
8837 1860
8838 1860
8839 1860
8840 1861
8841 1861
8842 1861
8843 1861
8844 1862
8845 1862
8846 1862
8847 1862
8848 1863
8849 1863
8850 1863
8851 1863
8852 1864
8853 1864
8854 1864
8855 1864
8856 1865
8857 1865
8858 1865
8859 1866
8860 1866
8861 1866
8862 1867
8863 1867
8864 1867
8865 1867
8866 1868
8867 1868
8868 1868
8869 1868
8870 1869
8871 1869
8872 1869
8873 1869
8874 1870
8875 1870
8876 1870
8877 1870
8878 1870
8879 1871
8880 1871
8881 1871
8882 1871
8883 1872
8884 1872
8885 1872
8886 1873
8887 1873
8888 1873
8889 1874
8890 1874
8891 1874
8892 1875
8893 1875
8894 1875
8895 1875
8896 1876
8897 1876
8898 1876
8899 1876
8900 1876
8901 1877
8902 1877
8903 1877
8904 1877
8905 1877
8906 1877
8907 1878
8908 1878
8909 1878
8910 1878
8911 1878
8912 1879
8913 1879
8914 1879
8915 1879
8916 1880
8917 1880
8918 1880
8919 1880
8920 1880
8921 1881
8922 1881
8923 1881
8924 1881
8925 1882
8926 1882
8927 1882
8928 1882
8929 1883
8930 1883
8931 1883
8932 1883
8933 1884
8934 1884
8935 1884
8936 1885
8937 1885
8938 1885
8939 1885
8940 1886
8941 1886
8942 1886
8943 1886
8944 1887
8945 1887
8946 1887
8947 1888
8948 1888
8949 1888
8950 1888
8951 1888
8952 1889
8953 1889
8954 1889
8955 1889
8956 1890
8957 1890
8958 1890
8959 1890
8960 1891
8961 1891
8962 1892
8963 1892
8964 1892
8965 1893
8966 1893
8967 1893
8968 1893
8969 1893
8970 1894
8971 1894
8972 1894
8973 1894
8974 1895
8975 1895
8976 1895
8977 1895
8978 1896
8979 1896
8980 1896
8981 1896
8982 1897
8983 1897
8984 1897
8985 1897
8986 1897
8987 1898
8988 1898
8989 1898
8990 1899
8991 1899
8992 1899
8993 1899
8994 1899
8995 1900
8996 1900
8997 1900
8998 1900
8999 1900
9000 1901
9001 1901
9002 1901
9003 1902
9004 1902
9005 1902
9006 1902
9007 1903
9008 1903
9009 1903
9010 1903
9011 1904
9012 1904
9013 1904
9014 1904
9015 1904
9016 1905
9017 1905
9018 1905
9019 1905
9020 1905
9021 1906
9022 1906
9023 1906
9024 1906
9025 1906
9026 1907
9027 1907
9028 1907
9029 1907
9030 1907
9031 1908
9032 1908
9033 1908
9034 1908
9035 1909
9036 1909
9037 1909
9038 1909
9039 1910
9040 1910
9041 1910
9042 1910
9043 1911
9044 1911
9045 1911
9046 1912
9047 1912
9048 1912
9049 1912
9050 1912
9051 1913
9052 1913
9053 1913
9054 1913
9055 1914
9056 1914
9057 1914
9058 1914
9059 1915
9060 1915
9061 1915
9062 1915
9063 1915
9064 1916
9065 1916
9066 1916
9067 1917
9068 1917
9069 1917
9070 1917
9071 1918
9072 1918
9073 1918
9074 1918
9075 1919
9076 1919
9077 1919
9078 1919
9079 1920
9080 1920
9081 1920
9082 1921
9083 1921
9084 1921
9085 1921
9086 1922
9087 1922
9088 1922
9089 1922
9090 1923
9091 1923
9092 1923
9093 1923
9094 1923
9095 1924
9096 1924
9097 1924
9098 1924
9099 1925
9100 1925
9101 1925
9102 1925
9103 1925
9104 1926
9105 1926
9106 1926
9107 1926
9108 1926
9109 1927
9110 1927
9111 1927
9112 1928
9113 1928
9114 1928
9115 1928
9116 1929
9117 1929
9118 1929
9119 1929
9120 1930
9121 1930
9122 1930
9123 1930
9124 1931
9125 1931
9126 1931
9127 1931
9128 1931
9129 1932
9130 1932
9131 1932
9132 1932
9133 1933
9134 1933
9135 1933
9136 1934
9137 1934
9138 1934
9139 1934
9140 1935
9141 1935
9142 1935
9143 1935
9144 1936
9145 1936
9146 1936
9147 1936
9148 1937
9149 1937
9150 1937
9151 1937
9152 1937
9153 1938
9154 1938
9155 1938
9156 1938
9157 1938
9158 1939
9159 1939
9160 1939
9161 1939
9162 1939
9163 1940
9164 1940
9165 1940
9166 1940
9167 1941
9168 1941
9169 1941
9170 1941
9171 1942
9172 1942
9173 1942
9174 1942
9175 1943
9176 1943
9177 1943
9178 1943
9179 1943
9180 1944
9181 1944
9182 1944
9183 1944
9184 1945
9185 1945
9186 1945
9187 1945
9188 1946
9189 1946
9190 1946
9191 1946
9192 1946
9193 1947
9194 1947
9195 1947
9196 1947
9197 1947
9198 1948
9199 1948
9200 1948
9201 1948
9202 1949
9203 1949
9204 1949
9205 1949
9206 1950
9207 1950
9208 1950
9209 1951
9210 1951
9211 1951
9212 1952
9213 1952
9214 1952
9215 1952
9216 1953
9217 1953
9218 1953
9219 1953
9220 1954
9221 1954
9222 1954
9223 1954
9224 1955
9225 1955
9226 1955
9227 1955
9228 1955
9229 1956
9230 1956
9231 1956
9232 1957
9233 1957
9234 1957
9235 1957
9236 1957
9237 1958
9238 1958
9239 1958
9240 1958
9241 1959
9242 1959
9243 1959
9244 1959
9245 1960
9246 1960
9247 1960
9248 1960
9249 1960
9250 1961
9251 1961
9252 1961
9253 1962
9254 1962
9255 1962
9256 1962
9257 1963
9258 1963
9259 1963
9260 1963
9261 1964
9262 1964
9263 1964
9264 1964
9265 1965
9266 1965
9267 1965
9268 1965
9269 1965
9270 1966
9271 1966
9272 1966
9273 1967
9274 1967
9275 1967
9276 1967
9277 1968
9278 1968
9279 1968
9280 1968
9281 1968
9282 1968
9283 1968
9284 1969
9285 1969
9286 1969
9287 1970
9288 1970
9289 1970
9290 1971
9291 1971
9292 1971
9293 1971
9294 1971
9295 1972
9296 1972
9297 1972
9298 1972
9299 1973
9300 1973
9301 1973
9302 1973
9303 1973
9304 1974
9305 1974
9306 1974
9307 1974
9308 1975
9309 1975
9310 1975
9311 1976
9312 1976
9313 1976
9314 1976
9315 1977
9316 1977
9317 1977
9318 1977
9319 1978
9320 1978
9321 1978
9322 1979
9323 1979
9324 1979
9325 1979
9326 1980
9327 1980
9328 1980
9329 1980
9330 1981
9331 1981
9332 1981
9333 1982
9334 1982
9335 1982
9336 1982
9337 1983
9338 1983
9339 1983
9340 1984
9341 1984
9342 1984
9343 1984
9344 1984
9345 1985
9346 1985
9347 1985
9348 1985
9349 1986
9350 1986
9351 1986
9352 1986
9353 1987
9354 1987
9355 1987
9356 1987
9357 1987
9358 1988
9359 1988
9360 1988
9361 1988
9362 1989
9363 1989
9364 1989
9365 1989
9366 1990
9367 1990
9368 1990
9369 1990
9370 1991
9371 1991
9372 1991
9373 1991
9374 1992
9375 1992
9376 1992
9377 1993
9378 1993
9379 1993
9380 1993
9381 1993
9382 1994
9383 1994
9384 1994
9385 1994
9386 1995
9387 1995
9388 1995
9389 1996
9390 1996
9391 1996
9392 1997
9393 1997
9394 1997
9395 1997
9396 1998
9397 1998
9398 1998
9399 1998
9400 1999
9401 1999
9402 1999
9403 1999
9404 1999
9405 2000
9406 2000
9407 2000
9408 2001
9409 2001
9410 2001
9411 2001
9412 2002
9413 2002
9414 2002
9415 2002
9416 2002
9417 2003
9418 2003
9419 2003
9420 2003
9421 2004
9422 2004
9423 2004
9424 2004
9425 2004
9426 2005
9427 2005
9428 2006
9429 2006
9430 2006
9431 2006
9432 2007
9433 2007
9434 2007
9435 2007
9436 2008
9437 2008
9438 2008
9439 2009
9440 2009
9441 2009
9442 2009
9443 2010
9444 2010
9445 2010
9446 2010
9447 2011
9448 2011
9449 2011
9450 2011
9451 2012
9452 2012
9453 2012
9454 2012
9455 2013
9456 2013
9457 2013
9458 2014
9459 2014
9460 2014
9461 2014
9462 2014
9463 2015
9464 2015
9465 2015
9466 2015
9467 2016
9468 2016
9469 2016
9470 2017
9471 2017
9472 2017
9473 2018
9474 2018
9475 2018
9476 2018
9477 2018
9478 2019
9479 2019
9480 2019
9481 2019
9482 2019
9483 2020
9484 2020
9485 2020
9486 2021
9487 2021
9488 2021
9489 2021
9490 2021
9491 2021
9492 2022
9493 2022
9494 2022
9495 2022
9496 2023
9497 2023
9498 2023
9499 2023
9500 2024
9501 2024
9502 2024
9503 2024
9504 2024
9505 2025
9506 2025
9507 2025
9508 2025
9509 2026
9510 2026
9511 2026
9512 2027
9513 2027
9514 2027
9515 2028
9516 2028
9517 2028
9518 2028
9519 2029
9520 2029
9521 2029
9522 2029
9523 2029
9524 2030
9525 2030
9526 2030
9527 2030
9528 2030
9529 2031
9530 2031
9531 2031
9532 2031
9533 2032
9534 2032
9535 2032
9536 2033
9537 2033
9538 2033
9539 2033
9540 2034
9541 2034
9542 2034
9543 2034
9544 2034
9545 2034
9546 2035
9547 2035
9548 2035
9549 2035
9550 2036
9551 2036
9552 2036
9553 2036
9554 2037
9555 2037
9556 2037
9557 2038
9558 2038
9559 2038
9560 2038
9561 2039
9562 2039
9563 2039
9564 2039
9565 2040
9566 2040
9567 2040
9568 2040
9569 2041
9570 2041
9571 2041
9572 2041
9573 2041
9574 2042
9575 2042
9576 2042
9577 2042
9578 2042
9579 2043
9580 2043
9581 2043
9582 2043
9583 2044
9584 2044
9585 2044
9586 2044
9587 2044
9588 2045
9589 2045
9590 2045
9591 2045
9592 2046
9593 2046
9594 2046
9595 2046
9596 2047
9597 2047
9598 2047
9599 2048
9600 2048
9601 2048
9602 2048
9603 2049
9604 2049
9605 2049
9606 2049
9607 2050
9608 2050
9609 2050
9610 2051
9611 2051
9612 2051
9613 2051
9614 2051
9615 2052
9616 2052
9617 2052
9618 2052
9619 2053
9620 2053
9621 2053
9622 2053
9623 2053
9624 2054
9625 2054
9626 2054
9627 2054
9628 2055
9629 2055
9630 2055
9631 2055
9632 2056
9633 2056
9634 2056
9635 2056
9636 2057
9637 2057
9638 2057
9639 2057
9640 2058
9641 2058
9642 2058
9643 2058
9644 2059
9645 2059
9646 2059
9647 2059
9648 2059
9649 2059
9650 2060
9651 2060
9652 2060
9653 2061
9654 2061
9655 2061
9656 2061
9657 2061
9658 2062
9659 2062
9660 2062
9661 2063
9662 2063
9663 2063
9664 2063
9665 2063
9666 2063
9667 2064
9668 2064
9669 2064
9670 2065
9671 2065
9672 2065
9673 2065
9674 2066
9675 2066
9676 2066
9677 2067
9678 2067
9679 2067
9680 2067
9681 2067
9682 2068
9683 2068
9684 2068
9685 2068
9686 2069
9687 2069
9688 2069
9689 2069
9690 2069
9691 2070
9692 2070
9693 2070
9694 2070
9695 2071
9696 2071
9697 2071
9698 2072
9699 2072
9700 2072
9701 2072
9702 2072
9703 2072
9704 2073
9705 2073
9706 2073
9707 2074
9708 2074
9709 2074
9710 2074
9711 2075
9712 2075
9713 2075
9714 2075
9715 2076
9716 2076
9717 2076
9718 2076
9719 2076
9720 2076
9721 2077
9722 2077
9723 2077
9724 2077
9725 2078
9726 2078
9727 2078
9728 2078
9729 2078
9730 2079
9731 2079
9732 2079
9733 2079
9734 2079
9735 2080
9736 2080
9737 2080
9738 2080
9739 2081
9740 2081
9741 2081
9742 2081
9743 2082
9744 2082
9745 2082
9746 2082
9747 2083
9748 2083
9749 2083
9750 2083
9751 2084
9752 2084
9753 2084
9754 2084
9755 2084
9756 2085
9757 2085
9758 2085
9759 2085
9760 2086
9761 2086
9762 2086
9763 2086
9764 2086
9765 2087
9766 2087
9767 2087
9768 2087
9769 2088
9770 2088
9771 2088
9772 2089
9773 2089
9774 2089
9775 2090
9776 2090
9777 2090
9778 2091
9779 2091
9780 2091
9781 2091
9782 2092
9783 2092
9784 2092
9785 2093
9786 2093
9787 2093
9788 2094
9789 2094
9790 2094
9791 2094
9792 2095
9793 2095
9794 2095
9795 2096
9796 2096
9797 2096
9798 2096
9799 2097
9800 2097
9801 2097
9802 2097
9803 2097
9804 2098
9805 2098
9806 2098
9807 2098
9808 2098
9809 2099
9810 2099
9811 2099
9812 2100
9813 2100
9814 2100
9815 2100
9816 2101
9817 2101
9818 2101
9819 2101
9820 2102
9821 2102
9822 2102
9823 2102
9824 2103
9825 2103
9826 2103
9827 2103
9828 2103
9829 2104
9830 2104
9831 2104
9832 2104
9833 2105
9834 2105
9835 2105
9836 2105
9837 2106
9838 2106
9839 2106
9840 2106
9841 2107
9842 2107
9843 2107
9844 2108
9845 2108
9846 2108
9847 2108
9848 2109
9849 2109
9850 2109
9851 2109
9852 2109
9853 2110
9854 2110
9855 2110
9856 2111
9857 2111
9858 2111
9859 2111
9860 2112
9861 2112
9862 2112
9863 2112
9864 2113
9865 2113
9866 2113
9867 2113
9868 2114
9869 2114
9870 2114
9871 2114
9872 2115
9873 2115
9874 2115
9875 2115
9876 2116
9877 2116
9878 2116
9879 2116
9880 2117
9881 2117
9882 2117
9883 2117
9884 2118
9885 2118
9886 2118
9887 2118
9888 2119
9889 2119
9890 2119
9891 2119
9892 2119
9893 2120
9894 2120
9895 2120
9896 2121
9897 2121
9898 2121
9899 2121
9900 2122
9901 2122
9902 2122
9903 2122
9904 2123
9905 2123
9906 2123
9907 2124
9908 2124
9909 2124
9910 2124
9911 2124
9912 2125
9913 2125
9914 2125
9915 2125
9916 2126
9917 2126
9918 2126
9919 2126
9920 2126
9921 2127
9922 2127
9923 2127
9924 2127
9925 2127
9926 2128
9927 2128
9928 2128
9929 2129
9930 2129
9931 2129
9932 2129
9933 2130
9934 2130
9935 2130
9936 2130
9937 2130
9938 2131
9939 2131
9940 2131
9941 2131
9942 2131
9943 2132
9944 2132
9945 2132
9946 2133
9947 2133
9948 2133
9949 2134
9950 2134
9951 2134
9952 2135
9953 2135
9954 2135
9955 2135
9956 2136
9957 2136
9958 2136
9959 2136
9960 2136
9961 2137
9962 2137
9963 2137
9964 2138
9965 2138
9966 2138
9967 2139
9968 2139
9969 2139
9970 2139
9971 2139
9972 2139
9973 2140
9974 2140
9975 2140
9976 2140
9977 2141
9978 2141
9979 2141
9980 2141
9981 2141
9982 2142
9983 2142
9984 2142
9985 2143
9986 2143
9987 2143
9988 2143
9989 2143
9990 2144
9991 2144
9992 2144
9993 2144
9994 2145
9995 2145
9996 2145
9997 2145
9998 2146
9999 2146
